77, 2022-01-04, 1641305511, 0, 0,  0
77, 2022-01-04, 1641308617, 76, 76,  76
77, 2022-01-04, 1641308731, 76, 76,  76
72, 2022-01-04, 1641308863, 70, 70,  70
69, 2022-01-04, 1641309214, 66, 66,  66
54, 2022-01-04, 1641309897, 51, 51,  51
51, 2022-01-04, 1641310959, 48, 48,  48
43, 2022-01-04, 1641311335, 40, 40,  40
28, 2022-01-04, 1641311780, 23, 23,  23
21, 2022-01-04, 1641312159, 15, 15,  15
19, 2022-01-04, 1641312239, 12, 12,  12
18, 2022-01-04, 1641312328, 10, 10,  10
14, 2022-01-04, 1641313764, 8, 8,  8
14, 2022-01-04, 1641313811, 6, 6,  6
12, 2022-01-05, 1641365349, 4, 4,  4
9, 2022-01-05, 1641391114, 4, 4,  4
9, 2022-01-05, 1641395273, 5, 4,  4
8, 2022-01-05, 1641395347, 5, 4,  4
21, 2022-01-10, 1641810190, 11, 11,  10
37, 2022-01-10, 1641817325, 12, 12,  11
34, 2022-01-10, 1641817423, 11, 11,  10
36, 2022-01-10, 1641824180, 11, 11,  10
25, 2022-01-10, 1641844290, 6, 6,  5
25, 2022-01-10, 1641844304, 6, 6,  5
23, 2022-01-10, 1641846137, 5, 5,  4
21, 2022-01-11, 1641915601, 19, 4,  4
21, 2022-01-11, 1641915900, 19, 4,  4
21, 2022-01-11, 1641916201, 19, 4,  4
21, 2022-01-11, 1641916301, 19, 4,  4
21, 2022-01-11, 1641916501, 19, 4,  4
21, 2022-01-11, 1641916804, 19, 4,  4
21, 2022-01-11, 1641916831, 19, 4,  4
19, 2022-01-11, 1641916878, 17, 2,  2
15, 2022-01-11, 1641917230, 13, 2,  2
15, 2022-01-12, 1641982877, 12, 2,  2
15, 2022-01-12, 1641982880, 12, 2,  2
16, 2022-01-12, 1641983401, 11, 2,  2
16, 2022-01-12, 1641984301, 11, 2,  2
16, 2022-01-12, 1641985200, 11, 2,  2
16, 2022-01-12, 1641986101, 11, 2,  2
16, 2022-01-12, 1641987001, 11, 2,  2
16, 2022-01-12, 1641987900, 11, 2,  2
16, 2022-01-12, 1641988802, 11, 2,  2
16, 2022-01-12, 1641989701, 11, 2,  2
16, 2022-01-12, 1641990601, 11, 2,  2
16, 2022-01-12, 1641991501, 11, 2,  2
16, 2022-01-12, 1641992401, 11, 2,  2
16, 2022-01-12, 1641993302, 11, 2,  2
16, 2022-01-12, 1641994205, 11, 2,  2
16, 2022-01-12, 1641995101, 11, 2,  2
16, 2022-01-12, 1641996003, 9, 1,  1
11, 2022-01-12, 1641996291, 9, 1,  1
11, 2022-01-12, 1641996304, 9, 1,  1
10, 2022-01-12, 1641996901, 8, 1,  1
15, 2022-01-12, 1641997801, 8, 1,  1
15, 2022-01-12, 1641998701, 8, 1,  1
15, 2022-01-12, 1641999601, 8, 1,  1
15, 2022-01-12, 1642000501, 8, 1,  1
15, 2022-01-12, 1642001402, 7, 1,  1
11, 2022-01-12, 1642002302, 7, 1,  1
11, 2022-01-12, 1642003201, 7, 1,  1
11, 2022-01-12, 1642004101, 7, 1,  1
11, 2022-01-12, 1642005001, 7, 1,  1
11, 2022-01-12, 1642005902, 6, 1,  1
11, 2022-01-12, 1642006801, 6, 1,  1
11, 2022-01-12, 1642007701, 6, 1,  1
11, 2022-01-12, 1642008602, 6, 1,  1
11, 2022-01-12, 1642009500, 6, 1,  1
11, 2022-01-12, 1642010402, 6, 1,  1
11, 2022-01-12, 1642011301, 6, 1,  1
11, 2022-01-12, 1642012201, 6, 1,  1
11, 2022-01-12, 1642013101, 6, 1,  1
11, 2022-01-12, 1642014002, 6, 1,  1
11, 2022-01-12, 1642014900, 6, 1,  1
11, 2022-01-12, 1642015801, 6, 1,  1
11, 2022-01-12, 1642016701, 6, 1,  1
11, 2022-01-12, 1642017601, 6, 1,  1
11, 2022-01-12, 1642018501, 6, 1,  1
11, 2022-01-12, 1642019402, 6, 1,  1
11, 2022-01-12, 1642020300, 6, 1,  1
11, 2022-01-12, 1642021202, 6, 1,  1
11, 2022-01-12, 1642022101, 6, 1,  1
11, 2022-01-12, 1642023001, 6, 1,  1
11, 2022-01-12, 1642023901, 6, 1,  1
11, 2022-01-12, 1642024802, 6, 1,  1
11, 2022-01-12, 1642025701, 6, 1,  1
11, 2022-01-12, 1642026602, 6, 1,  1
11, 2022-01-12, 1642027501, 6, 1,  1
11, 2022-01-12, 1642028402, 6, 1,  1
11, 2022-01-12, 1642029301, 6, 1,  1
11, 2022-01-12, 1642030201, 6, 1,  1
11, 2022-01-12, 1642031101, 6, 1,  1
11, 2022-01-13, 1642032003, 6, 1,  1
11, 2022-01-13, 1642032900, 6, 1,  1
11, 2022-01-13, 1642033801, 6, 1,  1
11, 2022-01-13, 1642034700, 6, 1,  1
11, 2022-01-13, 1642035601, 6, 1,  1
11, 2022-01-13, 1642036500, 6, 1,  1
11, 2022-01-13, 1642037402, 6, 1,  1
11, 2022-01-13, 1642038300, 6, 1,  1
11, 2022-01-13, 1642039201, 6, 1,  1
11, 2022-01-13, 1642040101, 6, 1,  1
11, 2022-01-13, 1642041002, 6, 1,  1
11, 2022-01-13, 1642041901, 6, 1,  1
11, 2022-01-13, 1642042801, 6, 1,  1
11, 2022-01-13, 1642043701, 6, 1,  1
11, 2022-01-13, 1642044601, 6, 1,  1
11, 2022-01-13, 1642045501, 6, 1,  1
11, 2022-01-13, 1642046401, 6, 1,  1
11, 2022-01-13, 1642047301, 6, 1,  1
11, 2022-01-13, 1642048202, 6, 1,  1
11, 2022-01-13, 1642049100, 6, 1,  1
11, 2022-01-13, 1642050002, 6, 1,  1
11, 2022-01-13, 1642050901, 6, 1,  1
11, 2022-01-13, 1642051801, 6, 1,  1
11, 2022-01-13, 1642052701, 6, 1,  1
11, 2022-01-13, 1642053602, 6, 1,  1
11, 2022-01-13, 1642053867, 6, 1,  1
11, 2022-01-13, 1642054501, 6, 1,  1
9, 2022-01-13, 1642054937, 5, 0,  0
9, 2022-01-13, 1642055401, 5, 0,  0
9, 2022-01-13, 1642056300, 5, 0,  0
7, 2022-01-13, 1642057201, 4, 0,  0
8, 2022-01-13, 1642058101, 3, 0,  0
8, 2022-01-13, 1642059001, 3, 0,  0
8, 2022-01-13, 1642059902, 3, 0,  0
8, 2022-01-13, 1642060801, 3, 0,  0
8, 2022-01-13, 1642061700, 3, 0,  0
8, 2022-01-13, 1642062601, 3, 0,  0
8, 2022-01-13, 1642063500, 3, 0,  0
8, 2022-01-13, 1642064402, 3, 0,  0
8, 2022-01-13, 1642065300, 3, 0,  0
8, 2022-01-13, 1642066201, 3, 0,  0
8, 2022-01-13, 1642067101, 3, 0,  0
7, 2022-01-13, 1642068001, 3, 0,  0
7, 2022-01-13, 1642068901, 3, 0,  0
6, 2022-01-13, 1642069801, 2, 1,  0
5, 2022-01-13, 1642070701, 2, 1,  0
5, 2022-01-13, 1642071600, 2, 1,  0
5, 2022-01-13, 1642072501, 2, 1,  0
5, 2022-01-13, 1642073401, 2, 1,  0
5, 2022-01-13, 1642074301, 2, 1,  0
5, 2022-01-13, 1642075201, 2, 1,  0
5, 2022-01-13, 1642076101, 2, 1,  0
5, 2022-01-13, 1642077001, 2, 2,  0
5, 2022-01-13, 1642077901, 2, 2,  0
5, 2022-01-13, 1642078800, 2, 2,  0
5, 2022-01-13, 1642079700, 2, 2,  0
5, 2022-01-13, 1642080601, 2, 2,  0
5, 2022-01-13, 1642081500, 2, 2,  0
5, 2022-01-13, 1642082401, 2, 2,  0
5, 2022-01-13, 1642083301, 2, 2,  0
3, 2022-01-13, 1642084200, 1, 1,  0
1, 2022-01-13, 1642085101, 1, 1,  0
1, 2022-01-13, 1642086001, 1, 1,  0
1, 2022-01-13, 1642086901, 1, 1,  0
1, 2022-01-13, 1642087800, 1, 1,  0
0, 2022-01-13, 1642088529, 0, 0,  0
0, 2022-01-13, 1642088700, 0, 0,  0
0, 2022-01-13, 1642089601, 0, 0,  0
0, 2022-01-13, 1642090502, 0, 0,  0
0, 2022-01-13, 1642091403, 0, 0,  0
0, 2022-01-13, 1642092303, 0, 0,  0
0, 2022-01-13, 1642093202, 0, 0,  0
0, 2022-01-13, 1642094100, 0, 0,  0
0, 2022-01-13, 1642095002, 0, 0,  0
0, 2022-01-13, 1642095901, 0, 0,  0
0, 2022-01-13, 1642096802, 0, 0,  0
0, 2022-01-13, 1642097701, 0, 0,  0
0, 2022-01-13, 1642098603, 0, 0,  0
0, 2022-01-13, 1642099501, 0, 0,  0
0, 2022-01-13, 1642100402, 0, 0,  0
0, 2022-01-13, 1642101301, 0, 0,  0
0, 2022-01-13, 1642102200, 0, 0,  0
0, 2022-01-13, 1642103101, 0, 0,  0
0, 2022-01-13, 1642104001, 0, 0,  0
0, 2022-01-13, 1642104900, 0, 0,  0
0, 2022-01-13, 1642105801, 0, 0,  0
0, 2022-01-13, 1642106700, 0, 0,  0
0, 2022-01-13, 1642107602, 0, 0,  0
0, 2022-01-13, 1642108501, 0, 0,  0
0, 2022-01-13, 1642109401, 0, 0,  0
0, 2022-01-13, 1642110300, 0, 0,  0
0, 2022-01-13, 1642111200, 0, 0,  0
0, 2022-01-13, 1642112101, 0, 0,  0
0, 2022-01-13, 1642113001, 0, 0,  0
0, 2022-01-13, 1642113901, 0, 0,  0
0, 2022-01-13, 1642114802, 0, 0,  0
0, 2022-01-13, 1642115700, 0, 0,  0
0, 2022-01-13, 1642116601, 0, 0,  0
0, 2022-01-13, 1642117501, 0, 0,  0
0, 2022-01-14, 1642118401, 0, 0,  0
0, 2022-01-14, 1642119302, 0, 0,  0
0, 2022-01-14, 1642120201, 0, 0,  0
0, 2022-01-14, 1642121101, 0, 0,  0
0, 2022-01-14, 1642122001, 0, 0,  0
0, 2022-01-14, 1642122901, 0, 0,  0
0, 2022-01-14, 1642123801, 0, 0,  0
0, 2022-01-14, 1642124700, 0, 0,  0
0, 2022-01-14, 1642125601, 0, 0,  0
0, 2022-01-14, 1642126500, 0, 0,  0
0, 2022-01-14, 1642127402, 0, 0,  0
0, 2022-01-14, 1642128301, 0, 0,  0
0, 2022-01-14, 1642129201, 0, 0,  0
0, 2022-01-14, 1642130101, 0, 0,  0
0, 2022-01-14, 1642131001, 0, 0,  0
0, 2022-01-14, 1642131903, 0, 0,  0
0, 2022-01-14, 1642132801, 0, 0,  0
0, 2022-01-14, 1642133701, 0, 0,  0
0, 2022-01-14, 1642134601, 0, 0,  0
0, 2022-01-14, 1642135501, 0, 0,  0
0, 2022-01-14, 1642136401, 0, 0,  0
0, 2022-01-14, 1642137301, 0, 0,  0
0, 2022-01-14, 1642138200, 0, 0,  0
0, 2022-01-14, 1642139101, 0, 0,  0
0, 2022-01-14, 1642140001, 0, 0,  0
0, 2022-01-14, 1642140901, 0, 0,  0
0, 2022-01-14, 1642141801, 0, 0,  0
0, 2022-01-14, 1642142701, 0, 0,  0
0, 2022-01-14, 1642143601, 0, 0,  0
0, 2022-01-14, 1642144501, 0, 0,  0
0, 2022-01-14, 1642145401, 0, 0,  0
0, 2022-01-14, 1642146301, 0, 0,  0
0, 2022-01-14, 1642147201, 0, 0,  0
0, 2022-01-14, 1642148101, 0, 0,  0
0, 2022-01-14, 1642149001, 0, 0,  0
0, 2022-01-14, 1642149901, 0, 0,  0
0, 2022-01-14, 1642150801, 0, 0,  0
0, 2022-01-14, 1642151701, 0, 0,  0
0, 2022-01-14, 1642152601, 0, 0,  0
0, 2022-01-14, 1642153500, 0, 0,  0
0, 2022-01-14, 1642154400, 0, 0,  0
0, 2022-01-14, 1642155301, 0, 0,  0
0, 2022-01-14, 1642156201, 0, 0,  0
0, 2022-01-14, 1642157102, 0, 0,  0
0, 2022-01-14, 1642158001, 0, 0,  0
0, 2022-01-14, 1642158902, 0, 0,  0
0, 2022-01-14, 1642159801, 0, 0,  0
0, 2022-01-14, 1642160701, 0, 0,  0
0, 2022-01-14, 1642161602, 0, 0,  0
0, 2022-01-14, 1642162501, 0, 0,  0
0, 2022-01-14, 1642163401, 0, 0,  0
0, 2022-01-14, 1642164301, 0, 0,  0
0, 2022-01-14, 1642165202, 0, 0,  0
0, 2022-01-14, 1642166101, 0, 0,  0
0, 2022-01-14, 1642167001, 0, 0,  0
0, 2022-01-14, 1642167901, 0, 0,  0
0, 2022-01-14, 1642168801, 0, 0,  0
0, 2022-01-14, 1642169701, 0, 0,  0
0, 2022-01-14, 1642170601, 0, 0,  0
0, 2022-01-14, 1642171501, 0, 0,  0
0, 2022-01-14, 1642172400, 0, 0,  0
0, 2022-01-14, 1642173301, 0, 0,  0
0, 2022-01-14, 1642174200, 0, 0,  0
0, 2022-01-14, 1642175100, 0, 0,  0
0, 2022-01-14, 1642176001, 0, 0,  0
0, 2022-01-14, 1642176902, 0, 0,  0
0, 2022-01-14, 1642177802, 0, 0,  0
0, 2022-01-14, 1642178701, 0, 0,  0
0, 2022-01-14, 1642179601, 0, 0,  0
0, 2022-01-14, 1642180500, 0, 0,  0
0, 2022-01-14, 1642181401, 0, 0,  0
0, 2022-01-14, 1642182301, 0, 0,  0
0, 2022-01-14, 1642183201, 0, 0,  0
0, 2022-01-14, 1642184101, 0, 0,  0
0, 2022-01-14, 1642185001, 0, 0,  0
0, 2022-01-14, 1642185902, 0, 0,  0
0, 2022-01-14, 1642186801, 0, 0,  0
0, 2022-01-14, 1642187703, 0, 0,  0
0, 2022-01-14, 1642188603, 0, 0,  0
0, 2022-01-14, 1642189502, 0, 0,  0
0, 2022-01-14, 1642190402, 0, 0,  0
0, 2022-01-14, 1642191301, 0, 0,  0
0, 2022-01-14, 1642192202, 0, 0,  0
0, 2022-01-14, 1642193102, 0, 0,  0
0, 2022-01-14, 1642194003, 0, 0,  0
0, 2022-01-14, 1642194904, 0, 0,  0
0, 2022-01-14, 1642195801, 0, 0,  0
0, 2022-01-14, 1642196700, 0, 0,  0
0, 2022-01-14, 1642197601, 0, 0,  0
0, 2022-01-14, 1642198501, 0, 0,  0
0, 2022-01-14, 1642199400, 0, 0,  0
0, 2022-01-14, 1642200301, 0, 0,  0
0, 2022-01-14, 1642201201, 0, 0,  0
0, 2022-01-14, 1642202102, 0, 0,  0
0, 2022-01-14, 1642203005, 0, 0,  0
0, 2022-01-14, 1642203902, 0, 0,  0
0, 2022-01-15, 1642204800, 0, 0,  0
0, 2022-01-15, 1642205701, 0, 0,  0
0, 2022-01-15, 1642206601, 0, 0,  0
0, 2022-01-15, 1642207501, 0, 0,  0
0, 2022-01-15, 1642208400, 0, 0,  0
0, 2022-01-15, 1642209301, 0, 0,  0
0, 2022-01-15, 1642210200, 0, 0,  0
0, 2022-01-15, 1642211101, 0, 0,  0
0, 2022-01-15, 1642212001, 0, 0,  0
0, 2022-01-15, 1642212900, 0, 0,  0
0, 2022-01-15, 1642213801, 0, 0,  0
0, 2022-01-15, 1642214700, 0, 0,  0
0, 2022-01-15, 1642215601, 0, 0,  0
0, 2022-01-15, 1642216501, 0, 0,  0
0, 2022-01-15, 1642217400, 0, 0,  0
0, 2022-01-15, 1642218301, 0, 0,  0
0, 2022-01-15, 1642219201, 0, 0,  0
0, 2022-01-15, 1642220101, 0, 0,  0
0, 2022-01-15, 1642221000, 0, 0,  0
0, 2022-01-15, 1642221901, 0, 0,  0
0, 2022-01-15, 1642222801, 0, 0,  0
0, 2022-01-15, 1642223701, 0, 0,  0
0, 2022-01-15, 1642224601, 0, 0,  0
0, 2022-01-15, 1642225501, 0, 0,  0
0, 2022-01-15, 1642226401, 0, 0,  0
0, 2022-01-15, 1642227301, 0, 0,  0
0, 2022-01-15, 1642228201, 0, 0,  0
0, 2022-01-15, 1642229101, 0, 0,  0
0, 2022-01-15, 1642231656, 0, 0,  0
0, 2022-01-15, 1642231704, 0, 0,  0
0, 2022-01-15, 1642232086, 0, 0,  0
0, 2022-01-15, 1642232326, 0, 0,  0
0, 2022-01-15, 1642233153, 0, 0,  0
1, 2022-01-15, 1642234115, 0, 0,  0
1, 2022-01-15, 1642253112, 0, 0,  0
2, 2022-01-17, 1642413603, 1, 0,  0
4, 2022-01-17, 1642414500, 1, 0,  0
9, 2022-01-17, 1642415401, 1, 0,  0
10, 2022-01-17, 1642416301, 1, 0,  0
10, 2022-01-17, 1642417201, 1, 0,  0
10, 2022-01-17, 1642418100, 1, 0,  0
53, 2022-01-17, 1642419001, 1, 0,  0
40, 2022-01-17, 1642419901, 1, 0,  0
40, 2022-01-17, 1642420801, 1, 0,  0
40, 2022-01-17, 1642421701, 1, 0,  0
40, 2022-01-17, 1642422600, 1, 0,  0
30, 2022-01-17, 1642423500, 1, 0,  0
21, 2022-01-17, 1642424401, 1, 0,  0
21, 2022-01-17, 1642424443, 1, 0,  0
21, 2022-01-17, 1642425301, 1, 0,  0
21, 2022-01-17, 1642426200, 1, 0,  0
19, 2022-01-17, 1642427101, 1, 0,  0
19, 2022-01-17, 1642428000, 1, 0,  0
18, 2022-01-17, 1642428900, 1, 0,  0
17, 2022-01-17, 1642429800, 1, 0,  0
17, 2022-01-17, 1642430700, 1, 0,  0
16, 2022-01-17, 1642431601, 1, 0,  0
16, 2022-01-17, 1642432500, 1, 0,  0
16, 2022-01-17, 1642433401, 1, 0,  0
16, 2022-01-17, 1642434301, 1, 0,  0
16, 2022-01-17, 1642435200, 1, 0,  0
16, 2022-01-17, 1642436100, 1, 0,  0
16, 2022-01-17, 1642437001, 1, 0,  0
16, 2022-01-17, 1642437901, 1, 0,  0
15, 2022-01-17, 1642438801, 1, 0,  0
15, 2022-01-17, 1642439701, 1, 0,  0
15, 2022-01-17, 1642440601, 1, 0,  0
15, 2022-01-17, 1642441500, 1, 0,  0
15, 2022-01-17, 1642442401, 1, 0,  0
15, 2022-01-17, 1642443302, 1, 0,  0
15, 2022-01-17, 1642444201, 1, 0,  0
15, 2022-01-17, 1642445101, 1, 0,  0
15, 2022-01-17, 1642446001, 1, 0,  0
15, 2022-01-17, 1642446901, 1, 0,  0
15, 2022-01-17, 1642447800, 1, 0,  0
15, 2022-01-17, 1642448701, 1, 0,  0
15, 2022-01-17, 1642449602, 1, 0,  0
15, 2022-01-17, 1642450501, 1, 0,  0
15, 2022-01-17, 1642451401, 1, 0,  0
13, 2022-01-17, 1642452301, 1, 0,  0
14, 2022-01-17, 1642453206, 1, 0,  0
14, 2022-01-17, 1642454101, 1, 0,  0
14, 2022-01-17, 1642455002, 1, 0,  0
14, 2022-01-17, 1642455902, 1, 0,  0
14, 2022-01-17, 1642456801, 1, 0,  0
14, 2022-01-17, 1642457702, 1, 0,  0
14, 2022-01-17, 1642458601, 1, 0,  0
14, 2022-01-17, 1642459501, 1, 0,  0
14, 2022-01-17, 1642460400, 1, 0,  0
14, 2022-01-17, 1642461302, 1, 0,  0
14, 2022-01-17, 1642462206, 1, 0,  0
14, 2022-01-17, 1642463100, 1, 0,  0
14, 2022-01-18, 1642464002, 1, 0,  0
14, 2022-01-18, 1642464900, 1, 0,  0
14, 2022-01-18, 1642465801, 1, 0,  0
14, 2022-01-18, 1642466701, 1, 0,  0
14, 2022-01-18, 1642467601, 1, 0,  0
14, 2022-01-18, 1642468500, 1, 0,  0
14, 2022-01-18, 1642469400, 1, 0,  0
14, 2022-01-18, 1642470301, 1, 0,  0
14, 2022-01-18, 1642471201, 1, 0,  0
14, 2022-01-18, 1642472100, 1, 0,  0
14, 2022-01-18, 1642473000, 1, 0,  0
14, 2022-01-18, 1642473901, 1, 0,  0
14, 2022-01-18, 1642474801, 1, 0,  0
14, 2022-01-18, 1642475701, 1, 0,  0
14, 2022-01-18, 1642476600, 1, 0,  0
14, 2022-01-18, 1642477500, 1, 0,  0
14, 2022-01-18, 1642478402, 1, 0,  0
14, 2022-01-18, 1642479300, 1, 0,  0
14, 2022-01-18, 1642480201, 1, 0,  0
14, 2022-01-18, 1642481100, 1, 0,  0
14, 2022-01-18, 1642482001, 1, 0,  0
14, 2022-01-18, 1642482900, 1, 0,  0
14, 2022-01-18, 1642483801, 1, 0,  0
14, 2022-01-18, 1642484701, 1, 0,  0
14, 2022-01-18, 1642485601, 1, 0,  0
14, 2022-01-18, 1642486501, 1, 0,  0
14, 2022-01-18, 1642487401, 1, 0,  0
14, 2022-01-18, 1642488301, 1, 0,  0
14, 2022-01-18, 1642489201, 1, 0,  0
14, 2022-01-18, 1642490103, 1, 0,  0
14, 2022-01-18, 1642491001, 1, 0,  0
14, 2022-01-18, 1642491902, 1, 0,  0
14, 2022-01-18, 1642492803, 1, 0,  0
14, 2022-01-18, 1642493703, 1, 1,  0
14, 2022-01-18, 1642494601, 1, 1,  0
14, 2022-01-18, 1642495502, 1, 1,  0
14, 2022-01-18, 1642496404, 1, 1,  0
14, 2022-01-18, 1642497302, 1, 1,  0
14, 2022-01-18, 1642498201, 1, 1,  0
14, 2022-01-18, 1642499102, 1, 1,  0
14, 2022-01-18, 1642500004, 1, 1,  0
14, 2022-01-18, 1642500901, 1, 1,  0
14, 2022-01-18, 1642501802, 1, 1,  0
14, 2022-01-18, 1642502701, 1, 1,  0
14, 2022-01-18, 1642503603, 1, 1,  0
14, 2022-01-18, 1642504502, 1, 1,  0
14, 2022-01-18, 1642505402, 2, 1,  0
14, 2022-01-18, 1642506302, 5, 1,  0
14, 2022-01-18, 1642507200, 5, 1,  0
14, 2022-01-18, 1642508102, 5, 1,  0
14, 2022-01-18, 1642509001, 5, 1,  0
14, 2022-01-18, 1642509901, 8, 1,  0
14, 2022-01-18, 1642510802, 11, 1,  0
14, 2022-01-18, 1642511700, 12, 1,  0
14, 2022-01-18, 1642512600, 12, 1,  0
14, 2022-01-18, 1642513500, 12, 1,  0
14, 2022-01-18, 1642514402, 12, 1,  0
14, 2022-01-18, 1642515300, 12, 1,  0
14, 2022-01-18, 1642516201, 12, 1,  0
14, 2022-01-18, 1642517101, 12, 1,  0
14, 2022-01-18, 1642518002, 12, 1,  0
14, 2022-01-18, 1642518901, 12, 1,  0
14, 2022-01-18, 1642519801, 12, 1,  0
13, 2022-01-18, 1642520702, 10, 1,  0
10, 2022-01-18, 1642521601, 8, 1,  0
10, 2022-01-18, 1642522502, 8, 1,  0
10, 2022-01-18, 1642523401, 8, 1,  0
8, 2022-01-18, 1642524302, 6, 1,  0
8, 2022-01-18, 1642525202, 6, 1,  0
8, 2022-01-18, 1642526100, 6, 1,  0
8, 2022-01-18, 1642527001, 6, 1,  0
8, 2022-01-18, 1642527901, 6, 1,  0
8, 2022-01-18, 1642528802, 6, 1,  0
8, 2022-01-18, 1642529701, 6, 1,  0
8, 2022-01-18, 1642530601, 6, 1,  0
8, 2022-01-18, 1642531501, 6, 1,  0
8, 2022-01-18, 1642532403, 6, 1,  0
8, 2022-01-18, 1642533302, 6, 1,  0
8, 2022-01-18, 1642534201, 6, 1,  0
8, 2022-01-18, 1642535104, 6, 1,  0
8, 2022-01-18, 1642536002, 6, 1,  0
8, 2022-01-18, 1642536902, 6, 1,  0
8, 2022-01-18, 1642537801, 6, 1,  0
8, 2022-01-18, 1642538704, 7, 1,  0
8, 2022-01-18, 1642539601, 7, 1,  0
8, 2022-01-18, 1642540501, 7, 1,  0
8, 2022-01-18, 1642541402, 7, 1,  0
8, 2022-01-18, 1642542301, 7, 1,  0
8, 2022-01-18, 1642543202, 7, 1,  0
8, 2022-01-18, 1642544101, 7, 1,  0
8, 2022-01-18, 1642545001, 7, 1,  0
8, 2022-01-18, 1642545900, 7, 1,  0
8, 2022-01-18, 1642546800, 7, 1,  0
8, 2022-01-18, 1642547703, 7, 1,  0
8, 2022-01-18, 1642548602, 7, 1,  0
8, 2022-01-18, 1642549501, 7, 1,  0
8, 2022-01-19, 1642550403, 7, 1,  0
8, 2022-01-19, 1642551301, 7, 1,  0
8, 2022-01-19, 1642552200, 7, 1,  0
8, 2022-01-19, 1642553100, 7, 1,  0
8, 2022-01-19, 1642554002, 7, 1,  0
8, 2022-01-19, 1642554901, 7, 1,  0
8, 2022-01-19, 1642555801, 7, 1,  0
8, 2022-01-19, 1642556700, 7, 1,  0
8, 2022-01-19, 1642557602, 7, 1,  0
8, 2022-01-19, 1642558500, 7, 1,  0
8, 2022-01-19, 1642559401, 7, 1,  0
8, 2022-01-19, 1642560302, 7, 1,  0
8, 2022-01-19, 1642561201, 7, 1,  0
8, 2022-01-19, 1642562102, 7, 1,  0
8, 2022-01-19, 1642563001, 7, 1,  0
8, 2022-01-19, 1642563901, 7, 1,  0
8, 2022-01-19, 1642564803, 7, 1,  0
8, 2022-01-19, 1642565701, 7, 1,  0
8, 2022-01-19, 1642566601, 7, 1,  0
8, 2022-01-19, 1642567500, 7, 1,  0
8, 2022-01-19, 1642568401, 7, 1,  0
8, 2022-01-19, 1642569302, 7, 1,  0
8, 2022-01-19, 1642570201, 7, 1,  0
8, 2022-01-19, 1642571100, 7, 1,  0
8, 2022-01-19, 1642572002, 7, 1,  0
8, 2022-01-19, 1642572900, 7, 1,  0
8, 2022-01-19, 1642573801, 7, 1,  0
8, 2022-01-19, 1642574701, 7, 1,  0
8, 2022-01-19, 1642575602, 7, 1,  0
8, 2022-01-19, 1642576501, 7, 1,  0
8, 2022-01-19, 1642577402, 7, 1,  0
8, 2022-01-19, 1642578301, 7, 1,  0
8, 2022-01-19, 1642579203, 7, 1,  0
8, 2022-01-19, 1642580100, 7, 1,  0
8, 2022-01-19, 1642581000, 7, 1,  0
8, 2022-01-19, 1642581901, 7, 1,  0
8, 2022-01-19, 1642582802, 7, 1,  0
8, 2022-01-19, 1642583701, 7, 1,  0
8, 2022-01-19, 1642584601, 7, 1,  0
8, 2022-01-19, 1642585502, 7, 1,  0
8, 2022-01-19, 1642586402, 7, 1,  0
8, 2022-01-19, 1642587300, 7, 1,  0
8, 2022-01-19, 1642588200, 7, 1,  0
8, 2022-01-19, 1642589101, 7, 1,  0
8, 2022-01-19, 1642590001, 7, 1,  0
8, 2022-01-19, 1642590902, 7, 1,  0
8, 2022-01-19, 1642591800, 7, 1,  0
8, 2022-01-19, 1642592700, 7, 1,  0
8, 2022-01-19, 1642593602, 7, 1,  0
8, 2022-01-19, 1642594500, 7, 1,  0
8, 2022-01-19, 1642595400, 7, 1,  0
8, 2022-01-19, 1642596301, 7, 1,  0
8, 2022-01-19, 1642597202, 7, 1,  0
8, 2022-01-19, 1642598101, 7, 1,  0
8, 2022-01-19, 1642599001, 7, 1,  0
8, 2022-01-19, 1642599900, 7, 1,  0
8, 2022-01-19, 1642600801, 7, 1,  0
8, 2022-01-19, 1642601702, 7, 1,  0
8, 2022-01-19, 1642602601, 7, 1,  0
8, 2022-01-19, 1642603501, 7, 1,  0
8, 2022-01-19, 1642604401, 7, 1,  0
8, 2022-01-19, 1642605301, 7, 1,  0
8, 2022-01-19, 1642606201, 7, 1,  0
8, 2022-01-19, 1642607101, 7, 1,  0
8, 2022-01-19, 1642608002, 8, 1,  0
8, 2022-01-19, 1642608902, 8, 1,  0
8, 2022-01-19, 1642609802, 8, 1,  0
8, 2022-01-19, 1642610701, 8, 1,  0
8, 2022-01-19, 1642611602, 8, 1,  0
8, 2022-01-19, 1642612500, 8, 1,  0
8, 2022-01-19, 1642613401, 8, 1,  0
8, 2022-01-19, 1642614302, 8, 1,  0
8, 2022-01-19, 1642615202, 8, 1,  0
8, 2022-01-19, 1642616101, 8, 1,  0
8, 2022-01-19, 1642617001, 8, 1,  0
8, 2022-01-19, 1642617900, 8, 1,  0
8, 2022-01-19, 1642618802, 8, 1,  0
8, 2022-01-19, 1642619701, 8, 1,  0
8, 2022-01-19, 1642620601, 8, 1,  0
8, 2022-01-19, 1642621501, 8, 1,  0
8, 2022-01-19, 1642622401, 8, 1,  0
8, 2022-01-19, 1642623301, 8, 1,  0
8, 2022-01-19, 1642624205, 8, 1,  0
8, 2022-01-19, 1642625100, 8, 1,  0
8, 2022-01-19, 1642626003, 8, 1,  0
8, 2022-01-19, 1642626900, 8, 1,  0
8, 2022-01-19, 1642627802, 8, 1,  0
8, 2022-01-19, 1642628700, 8, 1,  0
8, 2022-01-19, 1642629602, 8, 1,  0
8, 2022-01-19, 1642630501, 8, 1,  0
8, 2022-01-19, 1642631401, 8, 1,  0
8, 2022-01-19, 1642632302, 8, 1,  0
8, 2022-01-19, 1642633200, 8, 1,  0
8, 2022-01-19, 1642634101, 8, 1,  0
8, 2022-01-19, 1642635002, 8, 1,  0
8, 2022-01-19, 1642635902, 8, 1,  0
8, 2022-01-20, 1642636802, 8, 1,  0
8, 2022-01-20, 1642637701, 8, 1,  0
8, 2022-01-20, 1642638601, 8, 1,  0
8, 2022-01-20, 1642639501, 8, 1,  0
8, 2022-01-20, 1642640402, 8, 1,  0
8, 2022-01-20, 1642641300, 8, 1,  0
8, 2022-01-20, 1642642201, 8, 1,  0
8, 2022-01-20, 1642643101, 8, 1,  0
8, 2022-01-20, 1642644002, 8, 1,  0
8, 2022-01-20, 1642644901, 8, 1,  0
8, 2022-01-20, 1642645801, 8, 1,  0
8, 2022-01-20, 1642646701, 8, 1,  0
8, 2022-01-20, 1642647603, 8, 1,  0
8, 2022-01-20, 1642648500, 8, 1,  0
8, 2022-01-20, 1642649401, 8, 1,  0
8, 2022-01-20, 1642650303, 8, 1,  0
8, 2022-01-20, 1642651202, 8, 1,  0
8, 2022-01-20, 1642652100, 8, 1,  0
8, 2022-01-20, 1642653000, 8, 1,  0
8, 2022-01-20, 1642653901, 8, 1,  0
8, 2022-01-20, 1642654801, 8, 1,  0
8, 2022-01-20, 1642655705, 8, 1,  0
8, 2022-01-20, 1642656605, 8, 1,  0
8, 2022-01-20, 1642657503, 8, 1,  0
8, 2022-01-20, 1642658402, 8, 1,  0
8, 2022-01-20, 1642659300, 8, 1,  0
8, 2022-01-20, 1642660201, 8, 1,  0
8, 2022-01-20, 1642661101, 8, 1,  0
8, 2022-01-20, 1642662001, 8, 1,  0
8, 2022-01-20, 1642662901, 8, 1,  0
8, 2022-01-20, 1642663801, 8, 1,  0
8, 2022-01-20, 1642664701, 8, 1,  0
8, 2022-01-20, 1642665600, 8, 1,  0
8, 2022-01-20, 1642666502, 8, 1,  0
8, 2022-01-20, 1642667401, 8, 1,  0
8, 2022-01-20, 1642668301, 8, 1,  0
8, 2022-01-20, 1642669202, 8, 1,  0
8, 2022-01-20, 1642670101, 8, 1,  0
8, 2022-01-20, 1642671000, 8, 1,  0
8, 2022-01-20, 1642671901, 8, 1,  0
8, 2022-01-20, 1642672801, 8, 1,  0
8, 2022-01-20, 1642673702, 8, 1,  0
8, 2022-01-20, 1642674601, 8, 1,  0
8, 2022-01-20, 1642675501, 8, 1,  0
8, 2022-01-20, 1642676403, 8, 1,  0
8, 2022-01-20, 1642677301, 8, 1,  0
8, 2022-01-20, 1642678202, 8, 1,  0
8, 2022-01-20, 1642679100, 8, 1,  0
8, 2022-01-20, 1642680002, 8, 3,  0
8, 2022-01-20, 1642680901, 8, 3,  0
8, 2022-01-20, 1642681801, 8, 3,  0
8, 2022-01-20, 1642682701, 8, 5,  0
8, 2022-01-20, 1642683600, 8, 5,  0
8, 2022-01-20, 1642684500, 8, 6,  0
8, 2022-01-20, 1642685401, 8, 6,  0
8, 2022-01-20, 1642686301, 8, 6,  0
8, 2022-01-20, 1642687201, 8, 6,  0
8, 2022-01-20, 1642688101, 8, 6,  0
8, 2022-01-20, 1642689000, 8, 6,  0
8, 2022-01-20, 1642689902, 8, 6,  0
8, 2022-01-20, 1642690802, 8, 6,  0
8, 2022-01-20, 1642691701, 8, 6,  0
8, 2022-01-20, 1642692600, 8, 6,  0
8, 2022-01-20, 1642693501, 8, 6,  0
8, 2022-01-20, 1642694403, 8, 6,  0
8, 2022-01-20, 1642695300, 8, 6,  0
8, 2022-01-20, 1642696201, 8, 6,  0
8, 2022-01-20, 1642697101, 8, 6,  0
8, 2022-01-20, 1642698001, 8, 6,  0
8, 2022-01-20, 1642698902, 8, 6,  0
8, 2022-01-20, 1642699801, 8, 6,  0
8, 2022-01-20, 1642700701, 8, 6,  0
8, 2022-01-20, 1642701602, 8, 6,  0
8, 2022-01-20, 1642702501, 8, 6,  0
8, 2022-01-20, 1642703401, 8, 6,  0
8, 2022-01-20, 1642704302, 8, 6,  0
8, 2022-01-20, 1642705203, 8, 6,  0
8, 2022-01-20, 1642706101, 8, 6,  0
8, 2022-01-20, 1642707004, 8, 6,  0
8, 2022-01-20, 1642707900, 8, 6,  0
8, 2022-01-20, 1642708801, 8, 6,  0
8, 2022-01-20, 1642709701, 8, 6,  0
8, 2022-01-20, 1642710601, 8, 6,  0
8, 2022-01-20, 1642711502, 8, 7,  0
8, 2022-01-20, 1642712402, 8, 7,  0
8, 2022-01-20, 1642713300, 8, 7,  0
8, 2022-01-20, 1642714200, 8, 7,  0
8, 2022-01-20, 1642715100, 8, 7,  0
8, 2022-01-20, 1642716001, 8, 7,  0
8, 2022-01-20, 1642716902, 8, 7,  0
8, 2022-01-20, 1642717801, 8, 7,  0
8, 2022-01-20, 1642718701, 8, 7,  0
8, 2022-01-20, 1642719602, 8, 7,  0
8, 2022-01-20, 1642720501, 8, 7,  0
8, 2022-01-20, 1642721407, 8, 7,  0
8, 2022-01-20, 1642722306, 8, 7,  0
8, 2022-01-21, 1642723205, 8, 7,  0
8, 2022-01-21, 1642724102, 8, 7,  0
8, 2022-01-21, 1642725002, 8, 7,  0
8, 2022-01-21, 1642725901, 8, 7,  0
8, 2022-01-21, 1642726802, 8, 7,  0
8, 2022-01-21, 1642727701, 8, 7,  0
8, 2022-01-21, 1642728603, 8, 7,  0
8, 2022-01-21, 1642729504, 8, 7,  0
8, 2022-01-21, 1642730402, 8, 7,  0
8, 2022-01-21, 1642731301, 8, 7,  0
8, 2022-01-21, 1642732200, 8, 7,  0
8, 2022-01-21, 1642733101, 8, 7,  0
8, 2022-01-21, 1642734001, 8, 7,  0
8, 2022-01-21, 1642734903, 8, 7,  0
8, 2022-01-21, 1642735801, 8, 7,  0
8, 2022-01-21, 1642736703, 8, 7,  0
8, 2022-01-21, 1642737601, 8, 7,  0
8, 2022-01-21, 1642738501, 8, 7,  0
8, 2022-01-21, 1642739401, 8, 7,  0
8, 2022-01-21, 1642740301, 8, 7,  0
8, 2022-01-21, 1642741201, 8, 7,  0
8, 2022-01-21, 1642742103, 8, 7,  0
8, 2022-01-21, 1642743000, 8, 7,  0
8, 2022-01-21, 1642743901, 8, 7,  0
8, 2022-01-21, 1642744802, 8, 7,  0
8, 2022-01-21, 1642745700, 8, 7,  0
8, 2022-01-21, 1642746601, 8, 7,  0
8, 2022-01-21, 1642747501, 8, 7,  0
8, 2022-01-21, 1642748401, 8, 7,  0
8, 2022-01-21, 1642749301, 8, 7,  0
8, 2022-01-21, 1642750200, 8, 7,  0
8, 2022-01-21, 1642751102, 8, 7,  0
8, 2022-01-21, 1642752002, 8, 7,  0
8, 2022-01-21, 1642752900, 8, 7,  0
8, 2022-01-21, 1642753800, 8, 7,  0
8, 2022-01-21, 1642754701, 8, 7,  0
8, 2022-01-21, 1642755601, 8, 7,  0
8, 2022-01-21, 1642756501, 8, 7,  0
8, 2022-01-21, 1642757403, 8, 7,  0
8, 2022-01-21, 1642758304, 8, 7,  0
8, 2022-01-21, 1642759217, 8, 7,  0
8, 2022-01-21, 1642760103, 8, 7,  0
8, 2022-01-21, 1642761001, 8, 7,  0
8, 2022-01-21, 1642761902, 8, 7,  0
8, 2022-01-21, 1642762802, 8, 7,  0
8, 2022-01-21, 1642763701, 8, 7,  0
8, 2022-01-21, 1642764626, 8, 7,  0
8, 2022-01-21, 1642765501, 8, 7,  0
8, 2022-01-21, 1642766402, 8, 7,  0
8, 2022-01-21, 1642767302, 8, 7,  0
8, 2022-01-21, 1642768201, 8, 7,  0
8, 2022-01-21, 1642769103, 8, 7,  0
8, 2022-01-21, 1642770003, 8, 7,  0
8, 2022-01-21, 1642770901, 8, 7,  0
8, 2022-01-21, 1642771801, 8, 7,  0
8, 2022-01-21, 1642772700, 8, 7,  0
8, 2022-01-21, 1642773603, 8, 7,  0
8, 2022-01-21, 1642774501, 8, 7,  0
8, 2022-01-21, 1642775400, 8, 7,  0
8, 2022-01-21, 1642776302, 8, 7,  0
8, 2022-01-21, 1642777203, 8, 7,  0
8, 2022-01-21, 1642778100, 8, 7,  0
8, 2022-01-21, 1642779000, 8, 7,  0
8, 2022-01-21, 1642779901, 8, 7,  0
8, 2022-01-21, 1642780802, 8, 8,  0
6, 2022-01-21, 1642781704, 6, 6,  0
4, 2022-01-21, 1642782601, 4, 4,  0
2, 2022-01-21, 1642783501, 2, 2,  0
2, 2022-01-21, 1642784405, 1, 1,  0
2, 2022-01-21, 1642784452, 1, 1,  0
1, 2022-01-21, 1642784465, 1, 1,  0
1, 2022-01-21, 1642785301, 1, 1,  0
1, 2022-01-21, 1642786201, 1, 1,  0
1, 2022-01-21, 1642787101, 1, 1,  0
1, 2022-01-21, 1642788000, 1, 1,  0
1, 2022-01-21, 1642788901, 1, 1,  0
1, 2022-01-21, 1642789801, 1, 1,  0
1, 2022-01-21, 1642790701, 1, 1,  0
1, 2022-01-21, 1642791602, 1, 1,  0
1, 2022-01-21, 1642792501, 1, 1,  0
1, 2022-01-21, 1642793401, 1, 1,  0
1, 2022-01-21, 1642794301, 1, 1,  0
1, 2022-01-21, 1642795201, 1, 1,  0
1, 2022-01-21, 1642796101, 1, 1,  0
1, 2022-01-21, 1642797000, 1, 1,  0
1, 2022-01-21, 1642797901, 1, 1,  0
1, 2022-01-21, 1642798801, 1, 1,  0
1, 2022-01-21, 1642799700, 1, 1,  0
1, 2022-01-21, 1642800600, 1, 1,  0
1, 2022-01-21, 1642801501, 1, 1,  0
1, 2022-01-21, 1642802401, 1, 1,  0
1, 2022-01-21, 1642803302, 1, 1,  0
1, 2022-01-21, 1642804201, 1, 1,  0
1, 2022-01-21, 1642805100, 1, 1,  0
1, 2022-01-21, 1642806001, 1, 1,  0
1, 2022-01-21, 1642806900, 1, 1,  0
1, 2022-01-21, 1642807802, 1, 1,  0
1, 2022-01-21, 1642808701, 1, 1,  0
1, 2022-01-22, 1642809602, 1, 1,  0
1, 2022-01-22, 1642810502, 1, 1,  0
1, 2022-01-22, 1642811402, 1, 1,  0
1, 2022-01-22, 1642812301, 1, 1,  0
1, 2022-01-22, 1642813202, 1, 1,  0
1, 2022-01-22, 1642814101, 1, 1,  0
1, 2022-01-22, 1642815001, 1, 1,  0
1, 2022-01-22, 1642815901, 1, 1,  0
1, 2022-01-22, 1642816802, 1, 1,  0
1, 2022-01-22, 1642817701, 1, 1,  0
1, 2022-01-22, 1642818601, 1, 1,  0
1, 2022-01-22, 1642819500, 1, 1,  0
1, 2022-01-22, 1642820401, 1, 1,  0
1, 2022-01-22, 1642821301, 1, 1,  0
1, 2022-01-22, 1642822202, 1, 1,  0
1, 2022-01-22, 1642823102, 1, 1,  0
1, 2022-01-22, 1642824001, 1, 1,  0
1, 2022-01-22, 1642824901, 1, 1,  0
1, 2022-01-22, 1642825801, 1, 1,  0
1, 2022-01-22, 1642826700, 1, 1,  0
1, 2022-01-22, 1642827601, 1, 1,  0
1, 2022-01-22, 1642828501, 1, 1,  0
1, 2022-01-22, 1642829401, 1, 1,  0
1, 2022-01-22, 1642830301, 1, 1,  0
1, 2022-01-22, 1642831201, 1, 1,  0
1, 2022-01-22, 1642832101, 1, 1,  0
1, 2022-01-22, 1642833000, 1, 1,  0
1, 2022-01-22, 1642833901, 1, 1,  0
1, 2022-01-22, 1642834801, 1, 1,  0
1, 2022-01-22, 1642835700, 1, 1,  0
1, 2022-01-22, 1642836600, 1, 1,  0
1, 2022-01-22, 1642837501, 1, 1,  0
1, 2022-01-22, 1642838400, 1, 1,  0
1, 2022-01-22, 1642839301, 1, 1,  0
1, 2022-01-22, 1642840201, 1, 1,  0
1, 2022-01-22, 1642841101, 1, 1,  0
1, 2022-01-22, 1642842001, 1, 1,  0
1, 2022-01-22, 1642842901, 1, 1,  0
1, 2022-01-22, 1642843801, 1, 1,  0
1, 2022-01-22, 1642844700, 1, 1,  0
1, 2022-01-22, 1642845600, 1, 1,  0
1, 2022-01-22, 1642846500, 1, 1,  0
1, 2022-01-22, 1642847400, 1, 1,  0
1, 2022-01-22, 1642848300, 1, 1,  0
1, 2022-01-22, 1642849201, 1, 1,  0
1, 2022-01-22, 1642850102, 1, 1,  0
1, 2022-01-22, 1642851001, 1, 1,  0
1, 2022-01-22, 1642851901, 1, 1,  0
1, 2022-01-22, 1642852801, 1, 1,  0
1, 2022-01-22, 1642853701, 1, 1,  0
1, 2022-01-22, 1642854600, 1, 1,  0
1, 2022-01-22, 1642855501, 1, 1,  0
1, 2022-01-22, 1642856400, 1, 1,  0
1, 2022-01-22, 1642857301, 1, 1,  0
1, 2022-01-22, 1642858201, 1, 1,  0
1, 2022-01-22, 1642859101, 1, 1,  0
1, 2022-01-22, 1642860002, 1, 1,  0
1, 2022-01-22, 1642860900, 1, 1,  0
1, 2022-01-22, 1642861800, 1, 1,  0
1, 2022-01-22, 1642862701, 1, 1,  0
1, 2022-01-22, 1642863601, 1, 1,  0
1, 2022-01-22, 1642864501, 1, 1,  0
1, 2022-01-22, 1642865401, 1, 1,  0
1, 2022-01-22, 1642866300, 1, 1,  0
1, 2022-01-22, 1642867201, 1, 1,  0
1, 2022-01-22, 1642868102, 1, 1,  0
1, 2022-01-22, 1642869001, 1, 1,  0
1, 2022-01-22, 1642869901, 1, 1,  0
1, 2022-01-22, 1642870801, 1, 1,  0
1, 2022-01-22, 1642871700, 1, 1,  0
1, 2022-01-22, 1642872601, 1, 1,  0
1, 2022-01-22, 1642873501, 1, 1,  0
1, 2022-01-22, 1642874400, 1, 1,  0
1, 2022-01-22, 1642875300, 1, 1,  0
1, 2022-01-22, 1642876202, 1, 1,  0
1, 2022-01-22, 1642877101, 1, 1,  0
1, 2022-01-22, 1642878001, 1, 1,  0
1, 2022-01-22, 1642878901, 1, 1,  0
1, 2022-01-22, 1642879800, 1, 1,  0
1, 2022-01-22, 1642880700, 1, 1,  0
1, 2022-01-22, 1642881601, 1, 1,  0
1, 2022-01-22, 1642882502, 1, 1,  0
1, 2022-01-22, 1642883401, 1, 1,  0
1, 2022-01-22, 1642884302, 1, 1,  0
1, 2022-01-22, 1642885201, 1, 1,  0
1, 2022-01-22, 1642886102, 1, 1,  0
1, 2022-01-22, 1642887001, 1, 1,  0
1, 2022-01-22, 1642887901, 1, 1,  0
1, 2022-01-22, 1642888802, 1, 1,  0
1, 2022-01-22, 1642889701, 1, 1,  0
1, 2022-01-22, 1642890602, 1, 1,  0
1, 2022-01-22, 1642891500, 1, 1,  0
1, 2022-01-22, 1642892401, 1, 1,  0
1, 2022-01-22, 1642893300, 1, 1,  0
1, 2022-01-22, 1642894202, 1, 1,  0
1, 2022-01-22, 1642895101, 1, 1,  0
1, 2022-01-23, 1642896002, 1, 1,  0
1, 2022-01-23, 1642896900, 1, 1,  0
1, 2022-01-23, 1642897802, 1, 1,  0
1, 2022-01-23, 1642898701, 1, 1,  0
1, 2022-01-23, 1642899601, 1, 1,  0
1, 2022-01-23, 1642900502, 1, 1,  0
1, 2022-01-23, 1642901401, 1, 1,  0
1, 2022-01-23, 1642902303, 1, 1,  0
1, 2022-01-23, 1642903202, 1, 1,  0
1, 2022-01-23, 1642904101, 1, 1,  0
1, 2022-01-23, 1642905002, 1, 1,  0
1, 2022-01-23, 1642905901, 1, 1,  0
1, 2022-01-23, 1642906801, 1, 1,  0
1, 2022-01-23, 1642907701, 1, 1,  0
1, 2022-01-23, 1642908600, 1, 1,  0
1, 2022-01-23, 1642909501, 1, 1,  0
1, 2022-01-23, 1642910401, 1, 1,  0
1, 2022-01-23, 1642911302, 1, 1,  0
1, 2022-01-23, 1642912200, 1, 1,  0
1, 2022-01-23, 1642913101, 1, 1,  0
1, 2022-01-23, 1642914001, 1, 1,  0
1, 2022-01-23, 1642914901, 1, 1,  0
1, 2022-01-23, 1642915802, 1, 1,  0
1, 2022-01-23, 1642916701, 1, 1,  0
1, 2022-01-23, 1642917602, 1, 1,  0
1, 2022-01-23, 1642918501, 1, 1,  0
1, 2022-01-23, 1642919402, 1, 1,  0
1, 2022-01-23, 1642920300, 1, 1,  0
1, 2022-01-23, 1642921201, 1, 1,  0
1, 2022-01-23, 1642922102, 1, 1,  0
1, 2022-01-23, 1642923003, 1, 1,  0
1, 2022-01-23, 1642923900, 1, 1,  0
1, 2022-01-23, 1642924801, 1, 1,  0
1, 2022-01-23, 1642925703, 1, 1,  0
1, 2022-01-23, 1642926601, 1, 1,  0
1, 2022-01-23, 1642927501, 1, 1,  0
1, 2022-01-23, 1642928400, 1, 1,  0
1, 2022-01-23, 1642929301, 1, 1,  0
1, 2022-01-23, 1642930201, 1, 1,  0
1, 2022-01-23, 1642931102, 1, 1,  0
1, 2022-01-23, 1642932001, 1, 1,  0
1, 2022-01-23, 1642932902, 1, 1,  0
1, 2022-01-23, 1642933801, 1, 1,  0
1, 2022-01-23, 1642934701, 1, 1,  0
1, 2022-01-23, 1642935600, 1, 1,  0
1, 2022-01-23, 1642936502, 1, 1,  0
1, 2022-01-23, 1642937401, 1, 1,  0
1, 2022-01-23, 1642938301, 1, 1,  0
1, 2022-01-23, 1642939203, 1, 1,  0
1, 2022-01-23, 1642940100, 1, 1,  0
1, 2022-01-23, 1642941001, 1, 1,  0
1, 2022-01-23, 1642941900, 1, 1,  0
1, 2022-01-23, 1642942801, 1, 1,  0
1, 2022-01-23, 1642943701, 1, 1,  0
1, 2022-01-23, 1642944600, 1, 1,  0
1, 2022-01-23, 1642945500, 1, 1,  0
1, 2022-01-23, 1642946401, 1, 1,  0
1, 2022-01-23, 1642947303, 1, 1,  0
1, 2022-01-23, 1642948201, 1, 1,  0
1, 2022-01-23, 1642949101, 1, 1,  0
1, 2022-01-23, 1642950001, 1, 1,  0
1, 2022-01-23, 1642950902, 1, 1,  0
1, 2022-01-23, 1642951801, 1, 1,  0
1, 2022-01-23, 1642952701, 1, 1,  0
1, 2022-01-23, 1642953601, 1, 1,  0
1, 2022-01-23, 1642954502, 1, 1,  0
1, 2022-01-23, 1642955402, 1, 1,  0
1, 2022-01-23, 1642956301, 1, 1,  0
1, 2022-01-23, 1642957201, 1, 1,  0
1, 2022-01-23, 1642958101, 1, 1,  0
1, 2022-01-23, 1642959002, 1, 1,  0
1, 2022-01-23, 1642959901, 1, 1,  0
1, 2022-01-23, 1642960801, 1, 1,  0
1, 2022-01-23, 1642961702, 1, 1,  0
1, 2022-01-23, 1642962602, 1, 1,  0
1, 2022-01-23, 1642963501, 1, 1,  0
1, 2022-01-23, 1642964401, 1, 1,  0
1, 2022-01-23, 1642965301, 1, 1,  0
1, 2022-01-23, 1642966201, 1, 1,  0
0, 2022-01-23, 1642966995, 0, 0,  0
0, 2022-01-23, 1642967102, 0, 0,  0
0, 2022-01-23, 1642967529, 0, 0,  0
0, 2022-01-23, 1642968006, 0, 0,  0
0, 2022-01-23, 1642968903, 0, 0,  0
0, 2022-01-23, 1642969804, 0, 0,  0
0, 2022-01-23, 1642970702, 0, 0,  0
0, 2022-01-23, 1642971602, 0, 0,  0
0, 2022-01-23, 1642972503, 0, 0,  0
0, 2022-01-23, 1642973402, 0, 0,  0
0, 2022-01-23, 1642974301, 0, 0,  0
0, 2022-01-23, 1642975200, 0, 0,  0
0, 2022-01-23, 1642976102, 0, 0,  0
0, 2022-01-23, 1642977001, 0, 0,  0
0, 2022-01-23, 1642977900, 0, 0,  0
0, 2022-01-23, 1642978802, 0, 0,  0
0, 2022-01-23, 1642979701, 0, 0,  0
0, 2022-01-23, 1642980601, 0, 0,  0
0, 2022-01-23, 1642981509, 0, 0,  0
0, 2022-01-24, 1642982406, 0, 0,  0
0, 2022-01-24, 1642983305, 0, 0,  0
0, 2022-01-24, 1642984201, 0, 0,  0
0, 2022-01-24, 1642985101, 0, 0,  0
0, 2022-01-24, 1642986003, 0, 0,  0
0, 2022-01-24, 1642986901, 0, 0,  0
0, 2022-01-24, 1642987801, 0, 0,  0
0, 2022-01-24, 1642988701, 0, 0,  0
0, 2022-01-24, 1642989604, 0, 0,  0
0, 2022-01-24, 1642990502, 0, 0,  0
0, 2022-01-24, 1642991400, 0, 0,  0
0, 2022-01-24, 1642992300, 0, 0,  0
0, 2022-01-24, 1642993201, 0, 0,  0
0, 2022-01-24, 1642994101, 0, 0,  0
0, 2022-01-24, 1642995004, 0, 0,  0
0, 2022-01-24, 1642995901, 0, 0,  0
0, 2022-01-24, 1642996801, 0, 0,  0
0, 2022-01-24, 1642997701, 0, 0,  0
0, 2022-01-24, 1642998600, 0, 0,  0
0, 2022-01-24, 1642999501, 0, 0,  0
0, 2022-01-24, 1643000402, 0, 0,  0
0, 2022-01-24, 1643001301, 0, 0,  0
0, 2022-01-24, 1643002201, 0, 0,  0
0, 2022-01-24, 1643003100, 0, 0,  0
0, 2022-01-24, 1643004001, 0, 0,  0
0, 2022-01-24, 1643004900, 0, 0,  0
0, 2022-01-24, 1643005801, 0, 0,  0
0, 2022-01-24, 1643006701, 0, 0,  0
0, 2022-01-24, 1643006960, 0, 0,  0
0, 2022-01-24, 1643007604, 0, 0,  0
1, 2022-01-24, 1643008502, 0, 0,  0
1, 2022-01-24, 1643009402, 0, 0,  0
1, 2022-01-24, 1643010301, 0, 0,  0
1, 2022-01-24, 1643011201, 0, 0,  0
1, 2022-01-24, 1643012101, 0, 0,  0
1, 2022-01-24, 1643013001, 0, 0,  0
1, 2022-01-24, 1643013901, 0, 0,  0
1, 2022-01-24, 1643014803, 0, 0,  0
1, 2022-01-24, 1643015701, 0, 0,  0
1, 2022-01-24, 1643016601, 0, 0,  0
1, 2022-01-24, 1643017501, 0, 0,  0
1, 2022-01-24, 1643018401, 0, 0,  0
1, 2022-01-24, 1643019300, 0, 0,  0
1, 2022-01-24, 1643020201, 0, 0,  0
1, 2022-01-24, 1643021101, 0, 0,  0
2, 2022-01-24, 1643022003, 0, 0,  0
41, 2022-01-24, 1643022902, 0, 0,  0
35, 2022-01-24, 1643023802, 0, 0,  0
35, 2022-01-24, 1643024701, 0, 0,  0
35, 2022-01-24, 1643025602, 0, 0,  0
32, 2022-01-24, 1643026501, 0, 0,  0
24, 2022-01-24, 1643027400, 0, 0,  0
24, 2022-01-24, 1643027488, 0, 0,  0
24, 2022-01-24, 1643028304, 0, 0,  0
24, 2022-01-24, 1643029201, 0, 0,  0
24, 2022-01-24, 1643030101, 0, 0,  0
24, 2022-01-24, 1643031001, 0, 0,  0
24, 2022-01-24, 1643031900, 0, 0,  0
25, 2022-01-24, 1643032802, 0, 0,  0
25, 2022-01-24, 1643033703, 0, 0,  0
25, 2022-01-24, 1643034606, 0, 0,  0
25, 2022-01-24, 1643035501, 0, 0,  0
25, 2022-01-24, 1643036403, 0, 0,  0
25, 2022-01-24, 1643037303, 0, 0,  0
25, 2022-01-24, 1643038203, 0, 0,  0
26, 2022-01-24, 1643039101, 0, 0,  0
26, 2022-01-24, 1643040002, 0, 0,  0
26, 2022-01-24, 1643040903, 0, 0,  0
26, 2022-01-24, 1643041801, 0, 0,  0
26, 2022-01-24, 1643042702, 0, 0,  0
26, 2022-01-24, 1643043602, 0, 0,  0
26, 2022-01-24, 1643044500, 0, 0,  0
26, 2022-01-24, 1643045402, 0, 0,  0
26, 2022-01-24, 1643046301, 0, 0,  0
26, 2022-01-24, 1643047201, 0, 0,  0
26, 2022-01-24, 1643048106, 0, 0,  0
26, 2022-01-24, 1643049005, 0, 0,  0
26, 2022-01-24, 1643049901, 0, 0,  0
26, 2022-01-24, 1643050802, 0, 0,  0
26, 2022-01-24, 1643051701, 0, 0,  0
26, 2022-01-24, 1643052601, 0, 0,  0
27, 2022-01-24, 1643053504, 0, 0,  0
27, 2022-01-24, 1643054403, 0, 0,  0
27, 2022-01-24, 1643055304, 0, 0,  0
27, 2022-01-24, 1643056202, 0, 0,  0
27, 2022-01-24, 1643057103, 0, 0,  0
27, 2022-01-24, 1643058003, 0, 0,  0
27, 2022-01-24, 1643058901, 0, 0,  0
27, 2022-01-24, 1643059801, 0, 0,  0
27, 2022-01-24, 1643060701, 0, 0,  0
27, 2022-01-24, 1643061601, 0, 0,  0
27, 2022-01-24, 1643062501, 0, 0,  0
27, 2022-01-24, 1643063401, 0, 0,  0
27, 2022-01-24, 1643064300, 0, 0,  0
27, 2022-01-24, 1643065201, 0, 0,  0
27, 2022-01-24, 1643066100, 0, 0,  0
27, 2022-01-24, 1643067001, 0, 0,  0
27, 2022-01-24, 1643067901, 0, 0,  0
27, 2022-01-25, 1643068800, 0, 0,  0
27, 2022-01-25, 1643069701, 0, 0,  0
27, 2022-01-25, 1643070601, 0, 0,  0
27, 2022-01-25, 1643071501, 0, 0,  0
27, 2022-01-25, 1643072400, 0, 0,  0
27, 2022-01-25, 1643073301, 0, 0,  0
27, 2022-01-25, 1643074201, 0, 0,  0
27, 2022-01-25, 1643075101, 0, 0,  0
27, 2022-01-25, 1643076002, 0, 0,  0
27, 2022-01-25, 1643076900, 0, 0,  0
27, 2022-01-25, 1643077802, 0, 0,  0
27, 2022-01-25, 1643078701, 0, 0,  0
27, 2022-01-25, 1643079601, 0, 0,  0
27, 2022-01-25, 1643080501, 0, 0,  0
27, 2022-01-25, 1643081400, 0, 0,  0
27, 2022-01-25, 1643082302, 0, 0,  0
27, 2022-01-25, 1643083201, 0, 0,  0
27, 2022-01-25, 1643084101, 0, 0,  0
27, 2022-01-25, 1643085001, 0, 0,  0
27, 2022-01-25, 1643085901, 0, 0,  0
27, 2022-01-25, 1643086800, 0, 0,  0
27, 2022-01-25, 1643087700, 0, 0,  0
27, 2022-01-25, 1643088601, 0, 0,  0
27, 2022-01-25, 1643089501, 0, 0,  0
27, 2022-01-25, 1643090401, 0, 0,  0
27, 2022-01-25, 1643091301, 0, 0,  0
27, 2022-01-25, 1643092201, 0, 0,  0
27, 2022-01-25, 1643093101, 0, 0,  0
24, 2022-01-25, 1643094001, 0, 0,  0
23, 2022-01-25, 1643094901, 0, 0,  0
25, 2022-01-25, 1643095800, 0, 0,  0
25, 2022-01-25, 1643096702, 0, 0,  0
23, 2022-01-25, 1643097601, 0, 0,  0
23, 2022-01-25, 1643098501, 0, 0,  0
23, 2022-01-25, 1643099401, 0, 0,  0
23, 2022-01-25, 1643100301, 0, 0,  0
23, 2022-01-25, 1643101201, 0, 0,  0
23, 2022-01-25, 1643102100, 0, 0,  0
23, 2022-01-25, 1643103001, 0, 0,  0
24, 2022-01-25, 1643103901, 0, 0,  0
24, 2022-01-25, 1643104801, 0, 0,  0
24, 2022-01-25, 1643105701, 0, 0,  0
24, 2022-01-25, 1643106601, 0, 0,  0
24, 2022-01-25, 1643107501, 0, 0,  0
24, 2022-01-25, 1643108402, 0, 0,  0
25, 2022-01-25, 1643109301, 0, 0,  0
25, 2022-01-25, 1643110202, 0, 0,  0
25, 2022-01-25, 1643111100, 0, 0,  0
25, 2022-01-25, 1643112001, 0, 0,  0
25, 2022-01-25, 1643112901, 0, 0,  0
25, 2022-01-25, 1643113800, 0, 0,  0
25, 2022-01-25, 1643114702, 16, 0,  0
25, 2022-01-25, 1643115602, 16, 0,  0
25, 2022-01-25, 1643116500, 16, 0,  0
25, 2022-01-25, 1643117401, 16, 0,  0
25, 2022-01-25, 1643118301, 16, 0,  0
25, 2022-01-25, 1643119201, 16, 0,  0
25, 2022-01-25, 1643120102, 17, 0,  0
25, 2022-01-25, 1643121003, 17, 0,  0
25, 2022-01-25, 1643121902, 17, 0,  0
22, 2022-01-25, 1643122801, 16, 0,  0
22, 2022-01-25, 1643123702, 15, 0,  0
22, 2022-01-25, 1643124603, 15, 0,  0
22, 2022-01-25, 1643125502, 14, 0,  0
22, 2022-01-25, 1643126404, 14, 0,  0
22, 2022-01-25, 1643127305, 14, 0,  0
22, 2022-01-25, 1643128203, 14, 0,  0
22, 2022-01-25, 1643129104, 14, 0,  0
18, 2022-01-25, 1643130002, 12, 0,  0
18, 2022-01-25, 1643130902, 12, 0,  0
18, 2022-01-25, 1643131801, 12, 0,  0
18, 2022-01-25, 1643132701, 12, 0,  0
18, 2022-01-25, 1643133601, 12, 0,  0
18, 2022-01-25, 1643134501, 12, 0,  0
18, 2022-01-25, 1643135401, 12, 0,  0
18, 2022-01-25, 1643136301, 12, 0,  0
18, 2022-01-25, 1643137200, 12, 0,  0
18, 2022-01-25, 1643138101, 12, 0,  0
18, 2022-01-25, 1643139001, 12, 0,  0
18, 2022-01-25, 1643139900, 12, 0,  0
18, 2022-01-25, 1643140800, 12, 0,  0
18, 2022-01-25, 1643141701, 12, 0,  0
18, 2022-01-25, 1643142601, 12, 0,  0
18, 2022-01-25, 1643143501, 12, 0,  0
18, 2022-01-25, 1643144401, 12, 0,  0
18, 2022-01-25, 1643145300, 12, 0,  0
18, 2022-01-25, 1643146201, 12, 0,  0
18, 2022-01-25, 1643147100, 12, 0,  0
18, 2022-01-25, 1643148000, 12, 0,  0
18, 2022-01-25, 1643148901, 12, 0,  0
18, 2022-01-25, 1643149800, 12, 0,  0
18, 2022-01-25, 1643150700, 12, 0,  0
18, 2022-01-25, 1643151600, 12, 0,  0
18, 2022-01-25, 1643152501, 12, 0,  0
18, 2022-01-25, 1643153401, 12, 0,  0
18, 2022-01-25, 1643154301, 12, 0,  0
18, 2022-01-26, 1643155201, 12, 0,  0
18, 2022-01-26, 1643156101, 12, 0,  0
18, 2022-01-26, 1643157001, 12, 0,  0
18, 2022-01-26, 1643157901, 12, 0,  0
18, 2022-01-26, 1643158801, 12, 0,  0
18, 2022-01-26, 1643159701, 12, 0,  0
18, 2022-01-26, 1643160601, 12, 0,  0
18, 2022-01-26, 1643161501, 12, 0,  0
18, 2022-01-26, 1643162401, 12, 0,  0
18, 2022-01-26, 1643163301, 12, 0,  0
18, 2022-01-26, 1643164201, 12, 0,  0
18, 2022-01-26, 1643165101, 12, 0,  0
18, 2022-01-26, 1643166000, 12, 0,  0
18, 2022-01-26, 1643166901, 12, 0,  0
18, 2022-01-26, 1643167801, 12, 0,  0
18, 2022-01-26, 1643168702, 12, 0,  0
18, 2022-01-26, 1643169600, 12, 0,  0
18, 2022-01-26, 1643170501, 12, 0,  0
18, 2022-01-26, 1643171401, 12, 0,  0
18, 2022-01-26, 1643172301, 12, 0,  0
18, 2022-01-26, 1643173200, 12, 0,  0
18, 2022-01-26, 1643174101, 12, 0,  0
18, 2022-01-26, 1643175000, 12, 0,  0
18, 2022-01-26, 1643175901, 12, 0,  0
18, 2022-01-26, 1643176801, 12, 0,  0
18, 2022-01-26, 1643177701, 12, 0,  0
18, 2022-01-26, 1643178601, 11, 0,  0
18, 2022-01-26, 1643179500, 11, 0,  0
18, 2022-01-26, 1643180401, 12, 0,  0
18, 2022-01-26, 1643181301, 12, 0,  0
18, 2022-01-26, 1643182201, 13, 0,  0
18, 2022-01-26, 1643183101, 13, 0,  0
18, 2022-01-26, 1643184001, 13, 0,  0
18, 2022-01-26, 1643184902, 13, 0,  0
18, 2022-01-26, 1643185800, 13, 0,  0
18, 2022-01-26, 1643186700, 13, 0,  0
18, 2022-01-26, 1643187601, 13, 0,  0
18, 2022-01-26, 1643188501, 13, 0,  0
18, 2022-01-26, 1643189401, 13, 0,  0
18, 2022-01-26, 1643190300, 13, 0,  0
18, 2022-01-26, 1643191201, 13, 0,  0
18, 2022-01-26, 1643192101, 14, 0,  0
18, 2022-01-26, 1643193000, 14, 0,  0
18, 2022-01-26, 1643193901, 14, 0,  0
18, 2022-01-26, 1643194801, 14, 0,  0
18, 2022-01-26, 1643195701, 14, 0,  0
18, 2022-01-26, 1643196601, 14, 0,  0
18, 2022-01-26, 1643197500, 14, 0,  0
18, 2022-01-26, 1643198401, 14, 0,  0
18, 2022-01-26, 1643199301, 14, 0,  0
18, 2022-01-26, 1643200202, 14, 0,  0
18, 2022-01-26, 1643201101, 14, 0,  0
18, 2022-01-26, 1643202001, 14, 0,  0
18, 2022-01-26, 1643202901, 14, 0,  0
18, 2022-01-26, 1643203800, 14, 0,  0
18, 2022-01-26, 1643204701, 14, 0,  0
18, 2022-01-26, 1643205601, 14, 0,  0
18, 2022-01-26, 1643206501, 14, 0,  0
18, 2022-01-26, 1643207401, 14, 0,  0
18, 2022-01-26, 1643208301, 14, 0,  0
18, 2022-01-26, 1643209201, 14, 0,  0
18, 2022-01-26, 1643210100, 14, 0,  0
18, 2022-01-26, 1643211001, 14, 0,  0
18, 2022-01-26, 1643211900, 14, 0,  0
18, 2022-01-26, 1643212801, 15, 0,  0
18, 2022-01-26, 1643213702, 15, 0,  0
18, 2022-01-26, 1643214601, 15, 0,  0
18, 2022-01-26, 1643215501, 15, 0,  0
18, 2022-01-26, 1643216401, 15, 0,  0
18, 2022-01-26, 1643217301, 17, 0,  0
18, 2022-01-26, 1643218201, 17, 0,  0
18, 2022-01-26, 1643219103, 17, 0,  0
18, 2022-01-26, 1643220001, 17, 0,  0
18, 2022-01-26, 1643220902, 17, 0,  0
18, 2022-01-26, 1643221800, 17, 0,  0
18, 2022-01-26, 1643222702, 17, 0,  0
18, 2022-01-26, 1643223601, 17, 0,  0
18, 2022-01-26, 1643224501, 17, 0,  0
18, 2022-01-26, 1643225402, 17, 0,  0
18, 2022-01-26, 1643226301, 17, 0,  0
18, 2022-01-26, 1643227205, 17, 0,  0
18, 2022-01-26, 1643228104, 17, 0,  0
18, 2022-01-26, 1643229001, 17, 0,  0
18, 2022-01-26, 1643229901, 17, 0,  0
18, 2022-01-26, 1643230803, 17, 0,  0
18, 2022-01-26, 1643231703, 17, 0,  0
18, 2022-01-26, 1643232601, 17, 0,  0
18, 2022-01-26, 1643233501, 17, 0,  0
18, 2022-01-26, 1643234405, 17, 0,  0
18, 2022-01-26, 1643235301, 17, 0,  0
18, 2022-01-26, 1643236203, 17, 0,  0
18, 2022-01-26, 1643237100, 17, 0,  0
18, 2022-01-26, 1643238001, 17, 0,  0
18, 2022-01-26, 1643238902, 17, 0,  0
18, 2022-01-26, 1643239803, 17, 0,  0
18, 2022-01-26, 1643240705, 17, 0,  0
18, 2022-01-27, 1643241605, 17, 0,  0
18, 2022-01-27, 1643242505, 17, 0,  0
18, 2022-01-27, 1643243408, 17, 0,  0
18, 2022-01-27, 1643244301, 17, 0,  0
18, 2022-01-27, 1643245201, 17, 0,  0
18, 2022-01-27, 1643246103, 17, 0,  0
18, 2022-01-27, 1643247004, 17, 0,  0
18, 2022-01-27, 1643247901, 17, 0,  0
18, 2022-01-27, 1643248804, 17, 0,  0
18, 2022-01-27, 1643249702, 17, 0,  0
18, 2022-01-27, 1643250601, 17, 0,  0
18, 2022-01-27, 1643251500, 17, 0,  0
18, 2022-01-27, 1643252404, 17, 0,  0
18, 2022-01-27, 1643253301, 17, 0,  0
18, 2022-01-27, 1643254201, 17, 0,  0
18, 2022-01-27, 1643255102, 17, 0,  0
18, 2022-01-27, 1643256001, 17, 0,  0
18, 2022-01-27, 1643256900, 17, 0,  0
18, 2022-01-27, 1643257801, 17, 0,  0
18, 2022-01-27, 1643258701, 17, 0,  0
18, 2022-01-27, 1643259602, 17, 0,  0
18, 2022-01-27, 1643260501, 17, 0,  0
18, 2022-01-27, 1643261401, 17, 0,  0
18, 2022-01-27, 1643262300, 17, 0,  0
18, 2022-01-27, 1643263201, 17, 0,  0
18, 2022-01-27, 1643264101, 17, 0,  0
18, 2022-01-27, 1643265001, 17, 0,  0
18, 2022-01-27, 1643265900, 18, 0,  0
18, 2022-01-27, 1643266802, 18, 0,  0
16, 2022-01-27, 1643267701, 13, 0,  0
16, 2022-01-27, 1643268603, 13, 0,  0
14, 2022-01-27, 1643269501, 12, 0,  0
14, 2022-01-27, 1643270403, 12, 0,  0
14, 2022-01-27, 1643271300, 12, 0,  0
14, 2022-01-27, 1643272201, 12, 0,  0
14, 2022-01-27, 1643273101, 12, 0,  0
14, 2022-01-27, 1643274003, 12, 0,  0
14, 2022-01-27, 1643274900, 12, 0,  0
14, 2022-01-27, 1643275801, 12, 0,  0
14, 2022-01-27, 1643276701, 12, 0,  0
14, 2022-01-27, 1643277600, 12, 0,  0
10, 2022-01-28, 1643363104, 10, 7,  0
11, 2022-01-28, 1643364002, 9, 7,  0
11, 2022-01-28, 1643364901, 9, 7,  0
11, 2022-01-28, 1643365803, 9, 7,  0
12, 2022-01-28, 1643366702, 8, 6,  0
11, 2022-01-28, 1643367602, 7, 6,  0
11, 2022-01-28, 1643368501, 7, 6,  0
11, 2022-01-28, 1643369402, 7, 6,  0
11, 2022-01-28, 1643370300, 7, 6,  0
11, 2022-01-28, 1643371201, 7, 6,  0
12, 2022-01-28, 1643372101, 6, 5,  0
12, 2022-01-28, 1643373002, 6, 5,  0
12, 2022-01-28, 1643373903, 6, 5,  0
12, 2022-01-28, 1643374804, 6, 5,  0
12, 2022-01-28, 1643375700, 6, 5,  0
5, 2022-01-28, 1643376601, 5, 4,  0
5, 2022-01-28, 1643377502, 5, 4,  0
5, 2022-01-28, 1643378403, 4, 3,  0
5, 2022-01-28, 1643379305, 4, 3,  0
5, 2022-01-28, 1643380202, 4, 3,  0
5, 2022-01-28, 1643381102, 4, 3,  0
5, 2022-01-28, 1643382004, 4, 3,  0
5, 2022-01-28, 1643382900, 4, 3,  0
0, 2022-01-28, 1643383082, 0, 0,  0
1, 2022-01-28, 1643383497, 1, 1,  0
2, 2022-01-28, 1643383518, 2, 2,  0
2, 2022-01-28, 1643383558, 2, 2,  0
2, 2022-01-28, 1643383591, 2, 2,  0
0, 2022-01-28, 1643383605, 0, 0,  0
1, 2022-01-28, 1643383636, 1, 1,  0
0, 2022-01-28, 1643383650, 0, 0,  0
0, 2022-01-28, 1643383695, 0, 0,  0
0, 2022-01-28, 1643383802, 0, 0,  0
0, 2022-01-28, 1643384700, 0, 0,  0
0, 2022-01-28, 1643385602, 0, 0,  0
0, 2022-01-28, 1643386501, 0, 0,  0
0, 2022-01-28, 1643387401, 0, 0,  0
0, 2022-01-28, 1643388301, 0, 0,  0
0, 2022-01-28, 1643389203, 0, 0,  0
0, 2022-01-28, 1643390102, 0, 0,  0
0, 2022-01-28, 1643391001, 0, 0,  0
0, 2022-01-28, 1643391902, 0, 0,  0
0, 2022-01-28, 1643392801, 0, 0,  0
0, 2022-01-28, 1643393701, 0, 0,  0
0, 2022-01-28, 1643394602, 0, 0,  0
0, 2022-01-28, 1643395501, 0, 0,  0
0, 2022-01-28, 1643396401, 0, 0,  0
0, 2022-01-28, 1643397300, 0, 0,  0
0, 2022-01-28, 1643398201, 0, 0,  0
0, 2022-01-28, 1643399101, 0, 0,  0
0, 2022-01-28, 1643400002, 0, 0,  0
0, 2022-01-28, 1643400902, 0, 0,  0
0, 2022-01-28, 1643401803, 0, 0,  0
0, 2022-01-28, 1643402701, 0, 0,  0
0, 2022-01-28, 1643403603, 0, 0,  0
0, 2022-01-28, 1643404501, 0, 0,  0
0, 2022-01-28, 1643405401, 0, 0,  0
0, 2022-01-28, 1643406302, 0, 0,  0
0, 2022-01-28, 1643407203, 0, 0,  0
0, 2022-01-28, 1643408102, 0, 0,  0
0, 2022-01-28, 1643409001, 0, 0,  0
0, 2022-01-28, 1643409901, 0, 0,  0
0, 2022-01-28, 1643410802, 0, 0,  0
0, 2022-01-28, 1643411701, 0, 0,  0
0, 2022-01-28, 1643412611, 0, 0,  0
0, 2022-01-28, 1643413500, 0, 0,  0
0, 2022-01-29, 1643414402, 0, 0,  0
0, 2022-01-29, 1643415301, 0, 0,  0
0, 2022-01-29, 1643416202, 0, 0,  0
0, 2022-01-29, 1643417101, 0, 0,  0
0, 2022-01-29, 1643418000, 0, 0,  0
0, 2022-01-29, 1643418900, 0, 0,  0
0, 2022-01-29, 1643419802, 0, 0,  0
0, 2022-01-29, 1643420701, 0, 0,  0
0, 2022-01-29, 1643421600, 0, 0,  0
0, 2022-01-29, 1643422501, 0, 0,  0
0, 2022-01-29, 1643423402, 0, 0,  0
0, 2022-01-29, 1643424301, 0, 0,  0
0, 2022-01-29, 1643425201, 0, 0,  0
0, 2022-01-29, 1643426101, 0, 0,  0
0, 2022-01-29, 1643427002, 0, 0,  0
0, 2022-01-29, 1643427902, 0, 0,  0
0, 2022-01-29, 1643428801, 0, 0,  0
0, 2022-01-29, 1643429701, 0, 0,  0
0, 2022-01-29, 1643430600, 0, 0,  0
0, 2022-01-29, 1643431501, 0, 0,  0
0, 2022-01-29, 1643432401, 0, 0,  0
0, 2022-01-29, 1643433301, 0, 0,  0
0, 2022-01-29, 1643434201, 0, 0,  0
0, 2022-01-29, 1643435101, 0, 0,  0
0, 2022-01-29, 1643436001, 0, 0,  0
0, 2022-01-29, 1643436901, 0, 0,  0
0, 2022-01-29, 1643437800, 0, 0,  0
0, 2022-01-29, 1643438701, 0, 0,  0
0, 2022-01-29, 1643439601, 0, 0,  0
0, 2022-01-29, 1643440501, 0, 0,  0
0, 2022-01-29, 1643441400, 0, 0,  0
0, 2022-01-29, 1643442301, 0, 0,  0
0, 2022-01-29, 1643443201, 0, 0,  0
0, 2022-01-29, 1643444100, 0, 0,  0
0, 2022-01-29, 1643445001, 0, 0,  0
0, 2022-01-29, 1643445901, 0, 0,  0
0, 2022-01-29, 1643446800, 0, 0,  0
0, 2022-01-29, 1643447701, 0, 0,  0
0, 2022-01-29, 1643448600, 0, 0,  0
0, 2022-01-29, 1643449501, 0, 0,  0
0, 2022-01-29, 1643450400, 0, 0,  0
0, 2022-01-29, 1643451300, 0, 0,  0
0, 2022-01-29, 1643452201, 0, 0,  0
0, 2022-01-29, 1643453101, 0, 0,  0
0, 2022-01-29, 1643454000, 0, 0,  0
0, 2022-01-29, 1643454900, 0, 0,  0
0, 2022-01-29, 1643455801, 0, 0,  0
0, 2022-01-29, 1643456700, 0, 0,  0
0, 2022-01-29, 1643457601, 0, 0,  0
0, 2022-01-29, 1643458501, 0, 0,  0
0, 2022-01-29, 1643459401, 0, 0,  0
0, 2022-01-29, 1643460301, 0, 0,  0
0, 2022-01-29, 1643461202, 0, 0,  0
0, 2022-01-29, 1643462101, 0, 0,  0
0, 2022-01-29, 1643463000, 0, 0,  0
0, 2022-01-29, 1643463901, 0, 0,  0
0, 2022-01-29, 1643464801, 0, 0,  0
0, 2022-01-29, 1643465701, 0, 0,  0
0, 2022-01-29, 1643466600, 0, 0,  0
0, 2022-01-29, 1643467500, 0, 0,  0
0, 2022-01-29, 1643468401, 0, 0,  0
0, 2022-01-29, 1643469301, 0, 0,  0
0, 2022-01-29, 1643470201, 0, 0,  0
0, 2022-01-29, 1643471101, 0, 0,  0
0, 2022-01-29, 1643472001, 0, 0,  0
0, 2022-01-29, 1643472901, 0, 0,  0
0, 2022-01-29, 1643473800, 0, 0,  0
0, 2022-01-29, 1643474701, 0, 0,  0
0, 2022-01-29, 1643475600, 0, 0,  0
0, 2022-01-29, 1643476501, 0, 0,  0
0, 2022-01-29, 1643477401, 0, 0,  0
0, 2022-01-29, 1643478300, 0, 0,  0
0, 2022-01-29, 1643479201, 0, 0,  0
0, 2022-01-29, 1643480101, 0, 0,  0
0, 2022-01-29, 1643481001, 0, 0,  0
0, 2022-01-29, 1643481901, 0, 0,  0
0, 2022-01-29, 1643482801, 0, 0,  0
0, 2022-01-29, 1643483700, 0, 0,  0
0, 2022-01-29, 1643484601, 0, 0,  0
0, 2022-01-29, 1643485501, 0, 0,  0
0, 2022-01-29, 1643486401, 0, 0,  0
0, 2022-01-29, 1643487302, 0, 0,  0
0, 2022-01-29, 1643488201, 0, 0,  0
0, 2022-01-29, 1643489101, 0, 0,  0
0, 2022-01-29, 1643490001, 0, 0,  0
0, 2022-01-29, 1643490901, 0, 0,  0
0, 2022-01-29, 1643491801, 0, 0,  0
0, 2022-01-29, 1643492701, 0, 0,  0
0, 2022-01-29, 1643493600, 0, 0,  0
0, 2022-01-29, 1643494501, 0, 0,  0
0, 2022-01-29, 1643495401, 0, 0,  0
0, 2022-01-29, 1643496300, 0, 0,  0
0, 2022-01-29, 1643497202, 0, 0,  0
0, 2022-01-29, 1643498101, 0, 0,  0
0, 2022-01-29, 1643499001, 0, 0,  0
0, 2022-01-29, 1643499907, 0, 0,  0
0, 2022-01-30, 1643500805, 0, 0,  0
0, 2022-01-30, 1643501703, 0, 0,  0
0, 2022-01-30, 1643502603, 0, 0,  0
0, 2022-01-30, 1643503501, 0, 0,  0
0, 2022-01-30, 1643504403, 0, 0,  0
0, 2022-01-30, 1643505300, 0, 0,  0
0, 2022-01-30, 1643506201, 0, 0,  0
0, 2022-01-30, 1643507100, 0, 0,  0
0, 2022-01-30, 1643508003, 0, 0,  0
0, 2022-01-30, 1643508902, 0, 0,  0
0, 2022-01-30, 1643509801, 0, 0,  0
0, 2022-01-30, 1643510700, 0, 0,  0
0, 2022-01-30, 1643511601, 0, 0,  0
0, 2022-01-30, 1643512500, 0, 0,  0
0, 2022-01-30, 1643513400, 0, 0,  0
0, 2022-01-30, 1643514302, 0, 0,  0
0, 2022-01-30, 1643515202, 0, 0,  0
0, 2022-01-30, 1643516101, 0, 0,  0
0, 2022-01-30, 1643517001, 0, 0,  0
0, 2022-01-30, 1643517901, 0, 0,  0
0, 2022-01-30, 1643518801, 0, 0,  0
0, 2022-01-30, 1643519701, 0, 0,  0
0, 2022-01-30, 1643520600, 0, 0,  0
0, 2022-01-30, 1643521501, 0, 0,  0
0, 2022-01-30, 1643522401, 0, 0,  0
0, 2022-01-30, 1643523300, 0, 0,  0
0, 2022-01-30, 1643524201, 0, 0,  0
0, 2022-01-30, 1643525101, 0, 0,  0
0, 2022-01-30, 1643526000, 0, 0,  0
0, 2022-01-30, 1643526901, 0, 0,  0
0, 2022-01-30, 1643527800, 0, 0,  0
0, 2022-01-30, 1643528700, 0, 0,  0
0, 2022-01-30, 1643529602, 0, 0,  0
0, 2022-01-30, 1643530501, 0, 0,  0
0, 2022-01-30, 1643531401, 0, 0,  0
0, 2022-01-30, 1643532301, 0, 0,  0
0, 2022-01-30, 1643533200, 0, 0,  0
0, 2022-01-30, 1643534100, 0, 0,  0
0, 2022-01-30, 1643535001, 0, 0,  0
0, 2022-01-30, 1643535901, 0, 0,  0
0, 2022-01-30, 1643536800, 0, 0,  0
0, 2022-01-30, 1643537701, 0, 0,  0
0, 2022-01-30, 1643538601, 0, 0,  0
0, 2022-01-30, 1643539500, 0, 0,  0
0, 2022-01-30, 1643540401, 0, 0,  0
0, 2022-01-30, 1643541302, 0, 0,  0
0, 2022-01-30, 1643542201, 0, 0,  0
0, 2022-01-30, 1643543101, 0, 0,  0
0, 2022-01-30, 1643544001, 0, 0,  0
0, 2022-01-30, 1643544900, 0, 0,  0
0, 2022-01-30, 1643545801, 0, 0,  0
0, 2022-01-30, 1643546701, 0, 0,  0
0, 2022-01-30, 1643547601, 0, 0,  0
0, 2022-01-30, 1643548501, 0, 0,  0
0, 2022-01-30, 1643549401, 0, 0,  0
0, 2022-01-30, 1643550301, 0, 0,  0
0, 2022-01-30, 1643551200, 0, 0,  0
0, 2022-01-30, 1643552101, 0, 0,  0
0, 2022-01-30, 1643553001, 0, 0,  0
0, 2022-01-30, 1643553901, 0, 0,  0
0, 2022-01-30, 1643554802, 0, 0,  0
0, 2022-01-30, 1643555700, 0, 0,  0
0, 2022-01-30, 1643556601, 0, 0,  0
0, 2022-01-30, 1643557501, 0, 0,  0
0, 2022-01-30, 1643558401, 0, 0,  0
0, 2022-01-30, 1643559301, 0, 0,  0
0, 2022-01-30, 1643560201, 0, 0,  0
0, 2022-01-30, 1643561101, 0, 0,  0
0, 2022-01-30, 1643562001, 0, 0,  0
0, 2022-01-30, 1643562901, 0, 0,  0
0, 2022-01-30, 1643563801, 0, 0,  0
0, 2022-01-30, 1643564700, 0, 0,  0
0, 2022-01-30, 1643565600, 0, 0,  0
0, 2022-01-30, 1643566502, 0, 0,  0
0, 2022-01-30, 1643567401, 0, 0,  0
0, 2022-01-30, 1643568301, 0, 0,  0
0, 2022-01-30, 1643569201, 0, 0,  0
0, 2022-01-30, 1643570100, 0, 0,  0
0, 2022-01-30, 1643571004, 0, 0,  0
0, 2022-01-30, 1643571900, 0, 0,  0
0, 2022-01-30, 1643572802, 0, 0,  0
0, 2022-01-30, 1643573701, 0, 0,  0
0, 2022-01-30, 1643574603, 0, 0,  0
0, 2022-01-30, 1643575500, 0, 0,  0
0, 2022-01-30, 1643576400, 0, 0,  0
0, 2022-01-30, 1643577302, 0, 0,  0
0, 2022-01-30, 1643578201, 0, 0,  0
0, 2022-01-30, 1643579100, 0, 0,  0
0, 2022-01-30, 1643580002, 0, 0,  0
0, 2022-01-30, 1643580902, 0, 0,  0
0, 2022-01-30, 1643581800, 0, 0,  0
0, 2022-01-30, 1643582701, 0, 0,  0
0, 2022-01-30, 1643583601, 0, 0,  0
0, 2022-01-30, 1643584501, 0, 0,  0
0, 2022-01-30, 1643585402, 0, 0,  0
0, 2022-01-30, 1643586300, 0, 0,  0
0, 2022-01-31, 1643587201, 0, 0,  0
0, 2022-01-31, 1643588102, 0, 0,  0
0, 2022-01-31, 1643589000, 0, 0,  0
0, 2022-01-31, 1643589900, 0, 0,  0
0, 2022-01-31, 1643590801, 0, 0,  0
0, 2022-01-31, 1643591701, 0, 0,  0
0, 2022-01-31, 1643592602, 0, 0,  0
0, 2022-01-31, 1643593501, 0, 0,  0
0, 2022-01-31, 1643594401, 0, 0,  0
0, 2022-01-31, 1643595303, 0, 0,  0
0, 2022-01-31, 1643596201, 0, 0,  0
0, 2022-01-31, 1643597100, 0, 0,  0
0, 2022-01-31, 1643598001, 0, 0,  0
0, 2022-01-31, 1643598901, 0, 0,  0
0, 2022-01-31, 1643599800, 0, 0,  0
0, 2022-01-31, 1643600702, 0, 0,  0
0, 2022-01-31, 1643601601, 0, 0,  0
0, 2022-01-31, 1643602501, 0, 0,  0
0, 2022-01-31, 1643603401, 0, 0,  0
0, 2022-01-31, 1643604300, 0, 0,  0
0, 2022-01-31, 1643605201, 0, 0,  0
0, 2022-01-31, 1643606101, 0, 0,  0
0, 2022-01-31, 1643607001, 0, 0,  0
0, 2022-01-31, 1643607901, 0, 0,  0
0, 2022-01-31, 1643608801, 0, 0,  0
0, 2022-01-31, 1643609701, 0, 0,  0
0, 2022-01-31, 1643610600, 0, 0,  0
0, 2022-01-31, 1643611500, 0, 0,  0
0, 2022-01-31, 1643612401, 0, 0,  0
0, 2022-01-31, 1643613302, 0, 0,  0
1, 2022-01-31, 1643614201, 0, 0,  0
4, 2022-01-31, 1643615101, 0, 0,  0
4, 2022-01-31, 1643616001, 0, 0,  0
4, 2022-01-31, 1643616900, 0, 0,  0
4, 2022-01-31, 1643617801, 0, 0,  0
4, 2022-01-31, 1643618700, 0, 0,  0
4, 2022-01-31, 1643619601, 0, 0,  0
4, 2022-01-31, 1643620501, 0, 0,  0
4, 2022-01-31, 1643621400, 0, 0,  0
4, 2022-01-31, 1643622301, 0, 0,  0
4, 2022-01-31, 1643623202, 0, 0,  0
7, 2022-01-31, 1643624102, 0, 0,  0
68, 2022-01-31, 1643625001, 0, 0,  0
70, 2022-01-31, 1643625918, 0, 0,  0
70, 2022-01-31, 1643626803, 0, 0,  0
70, 2022-01-31, 1643627703, 0, 0,  0
70, 2022-01-31, 1643628602, 0, 0,  0
43, 2022-01-31, 1643629503, 0, 0,  0
31, 2022-01-31, 1643630402, 0, 0,  0
30, 2022-01-31, 1643631303, 0, 0,  0
30, 2022-01-31, 1643632201, 0, 0,  0
25, 2022-01-31, 1643633101, 0, 0,  0
23, 2022-01-31, 1643634002, 0, 0,  0
23, 2022-01-31, 1643634901, 0, 0,  0
21, 2022-01-31, 1643635807, 0, 0,  0
22, 2022-01-31, 1643636705, 0, 0,  0
19, 2022-01-31, 1643637602, 0, 0,  0
16, 2022-01-31, 1643638503, 0, 0,  0
16, 2022-01-31, 1643639402, 0, 0,  0
16, 2022-01-31, 1643640301, 0, 0,  0
16, 2022-01-31, 1643641200, 0, 0,  0
16, 2022-01-31, 1643642101, 0, 0,  0
16, 2022-01-31, 1643643003, 0, 0,  0
11, 2022-01-31, 1643643905, 0, 0,  0
10, 2022-01-31, 1643644803, 0, 0,  0
10, 2022-01-31, 1643645700, 0, 0,  0
10, 2022-01-31, 1643646602, 0, 0,  0
10, 2022-01-31, 1643647504, 0, 0,  0
10, 2022-01-31, 1643648400, 0, 0,  0
10, 2022-01-31, 1643649301, 0, 0,  0
10, 2022-01-31, 1643650203, 0, 0,  0
10, 2022-01-31, 1643651101, 0, 0,  0
10, 2022-01-31, 1643652001, 0, 0,  0
10, 2022-01-31, 1643652902, 0, 0,  0
10, 2022-01-31, 1643653801, 0, 0,  0
10, 2022-01-31, 1643654701, 0, 0,  0
10, 2022-01-31, 1643655604, 0, 0,  0
10, 2022-01-31, 1643656501, 0, 0,  0
10, 2022-01-31, 1643657401, 0, 0,  0
10, 2022-01-31, 1643658302, 0, 0,  0
10, 2022-01-31, 1643659201, 0, 0,  0
10, 2022-01-31, 1643660102, 0, 0,  0
10, 2022-01-31, 1643661000, 0, 0,  0
10, 2022-01-31, 1643661901, 0, 0,  0
10, 2022-01-31, 1643662801, 0, 0,  0
10, 2022-01-31, 1643663701, 0, 0,  0
10, 2022-01-31, 1643664600, 0, 0,  0
10, 2022-01-31, 1643665501, 0, 0,  0
10, 2022-01-31, 1643666401, 0, 0,  0
10, 2022-01-31, 1643667302, 0, 0,  0
10, 2022-01-31, 1643668200, 0, 0,  0
10, 2022-01-31, 1643669100, 0, 0,  0
10, 2022-01-31, 1643670001, 0, 0,  0
10, 2022-01-31, 1643670901, 0, 0,  0
10, 2022-01-31, 1643671801, 0, 0,  0
10, 2022-01-31, 1643672700, 0, 0,  0
10, 2022-02-01, 1643673602, 0, 0,  0
10, 2022-02-01, 1643674501, 0, 0,  0
10, 2022-02-01, 1643675401, 0, 0,  0
10, 2022-02-01, 1643676300, 0, 0,  0
10, 2022-02-01, 1643677201, 0, 0,  0
10, 2022-02-01, 1643678101, 0, 0,  0
10, 2022-02-01, 1643679000, 0, 0,  0
10, 2022-02-01, 1643679901, 0, 0,  0
10, 2022-02-01, 1643680802, 0, 0,  0
10, 2022-02-01, 1643681702, 0, 0,  0
10, 2022-02-01, 1643682600, 0, 0,  0
10, 2022-02-01, 1643683500, 0, 0,  0
10, 2022-02-01, 1643684401, 0, 0,  0
10, 2022-02-01, 1643685301, 0, 0,  0
10, 2022-02-01, 1643686202, 0, 0,  0
10, 2022-02-01, 1643687102, 0, 0,  0
10, 2022-02-01, 1643688001, 0, 0,  0
10, 2022-02-01, 1643688900, 0, 0,  0
10, 2022-02-01, 1643689801, 0, 0,  0
10, 2022-02-01, 1643690700, 0, 0,  0
10, 2022-02-01, 1643691600, 0, 0,  0
10, 2022-02-01, 1643692501, 0, 0,  0
10, 2022-02-01, 1643693401, 0, 0,  0
10, 2022-02-01, 1643694301, 0, 0,  0
10, 2022-02-01, 1643695200, 0, 0,  0
10, 2022-02-01, 1643696100, 0, 0,  0
10, 2022-02-01, 1643697001, 0, 0,  0
10, 2022-02-01, 1643697901, 0, 0,  0
10, 2022-02-01, 1643698802, 0, 0,  0
10, 2022-02-01, 1643699701, 0, 0,  0
10, 2022-02-01, 1643700601, 0, 0,  0
10, 2022-02-01, 1643701500, 0, 0,  0
10, 2022-02-01, 1643702403, 0, 0,  0
10, 2022-02-01, 1643703302, 0, 0,  0
10, 2022-02-01, 1643704203, 0, 0,  0
10, 2022-02-01, 1643705101, 0, 0,  0
10, 2022-02-01, 1643706001, 0, 0,  0
10, 2022-02-01, 1643706900, 0, 0,  0
10, 2022-02-01, 1643707801, 0, 0,  0
10, 2022-02-01, 1643708700, 0, 0,  0
10, 2022-02-01, 1643709602, 0, 0,  0
10, 2022-02-01, 1643710501, 0, 0,  0
10, 2022-02-01, 1643711402, 0, 0,  0
10, 2022-02-01, 1643712301, 0, 0,  0
10, 2022-02-01, 1643713204, 0, 0,  0
10, 2022-02-01, 1643714101, 0, 0,  0
10, 2022-02-01, 1643715002, 0, 0,  0
10, 2022-02-01, 1643715900, 0, 0,  0
10, 2022-02-01, 1643716803, 1, 0,  0
10, 2022-02-01, 1643717707, 1, 0,  0
10, 2022-02-01, 1643718613, 1, 0,  0
10, 2022-02-01, 1643719507, 1, 0,  0
10, 2022-02-01, 1643720400, 1, 0,  0
10, 2022-02-01, 1643721305, 1, 0,  0
10, 2022-02-01, 1643722202, 1, 0,  0
10, 2022-02-01, 1643723102, 1, 0,  0
10, 2022-02-01, 1643724001, 1, 0,  0
10, 2022-02-01, 1643724903, 3, 0,  0
10, 2022-02-01, 1643725801, 3, 0,  0
10, 2022-02-01, 1643726701, 3, 0,  0
10, 2022-02-01, 1643727601, 3, 0,  0
10, 2022-02-01, 1643728502, 3, 0,  0
10, 2022-02-01, 1643729401, 3, 0,  0
10, 2022-02-01, 1643730301, 3, 0,  0
10, 2022-02-01, 1643731207, 7, 0,  0
10, 2022-02-01, 1643732104, 10, 0,  0
10, 2022-02-01, 1643733003, 10, 0,  0
10, 2022-02-01, 1643733905, 10, 0,  0
10, 2022-02-01, 1643734802, 10, 0,  0
10, 2022-02-01, 1643735701, 10, 0,  0
10, 2022-02-01, 1643736600, 10, 0,  0
10, 2022-02-01, 1643737500, 10, 0,  0
10, 2022-02-01, 1643738401, 10, 0,  0
10, 2022-02-01, 1643739301, 10, 0,  0
10, 2022-02-01, 1643740202, 10, 0,  0
10, 2022-02-01, 1643741103, 10, 0,  0
10, 2022-02-01, 1643742001, 10, 0,  0
10, 2022-02-01, 1643742901, 10, 0,  0
10, 2022-02-01, 1643743801, 10, 0,  0
10, 2022-02-01, 1643744700, 10, 0,  0
10, 2022-02-01, 1643745603, 10, 0,  0
10, 2022-02-01, 1643746504, 10, 0,  0
10, 2022-02-01, 1643747401, 10, 0,  0
10, 2022-02-01, 1643748302, 10, 0,  0
10, 2022-02-01, 1643749204, 10, 0,  0
10, 2022-02-01, 1643750102, 10, 0,  0
10, 2022-02-01, 1643751004, 10, 0,  0
10, 2022-02-01, 1643751902, 10, 0,  0
10, 2022-02-01, 1643752806, 10, 0,  0
10, 2022-02-01, 1643753703, 10, 0,  0
10, 2022-02-01, 1643754601, 10, 0,  0
10, 2022-02-01, 1643755501, 10, 0,  0
10, 2022-02-01, 1643756402, 10, 0,  0
10, 2022-02-01, 1643757303, 10, 0,  0
10, 2022-02-01, 1643758208, 10, 0,  0
10, 2022-02-01, 1643759105, 10, 0,  0
10, 2022-02-02, 1643760002, 10, 0,  0
10, 2022-02-02, 1643760908, 10, 0,  0
10, 2022-02-02, 1643761802, 10, 0,  0
10, 2022-02-02, 1643762701, 10, 0,  0
10, 2022-02-02, 1643763604, 10, 0,  0
10, 2022-02-02, 1643764501, 10, 0,  0
10, 2022-02-02, 1643765403, 10, 0,  0
10, 2022-02-02, 1643766301, 10, 0,  0
10, 2022-02-02, 1643767203, 10, 0,  0
10, 2022-02-02, 1643768103, 10, 0,  0
10, 2022-02-02, 1643769001, 10, 0,  0
10, 2022-02-02, 1643769900, 10, 0,  0
10, 2022-02-02, 1643770804, 10, 0,  0
10, 2022-02-02, 1643771701, 10, 0,  0
10, 2022-02-02, 1643772601, 10, 0,  0
10, 2022-02-02, 1643773502, 10, 0,  0
10, 2022-02-02, 1643774401, 10, 0,  0
10, 2022-02-02, 1643775300, 10, 0,  0
10, 2022-02-02, 1643776201, 10, 0,  0
10, 2022-02-02, 1643777101, 10, 0,  0
10, 2022-02-02, 1643778002, 10, 0,  0
10, 2022-02-02, 1643778901, 10, 0,  0
10, 2022-02-02, 1643779801, 10, 0,  0
10, 2022-02-02, 1643780701, 10, 0,  0
10, 2022-02-02, 1643781602, 10, 0,  0
10, 2022-02-02, 1643782501, 10, 0,  0
10, 2022-02-02, 1643783401, 10, 0,  0
10, 2022-02-02, 1643784300, 10, 0,  0
10, 2022-02-02, 1643785200, 10, 0,  0
10, 2022-02-02, 1643786101, 9, 0,  0
15, 2022-02-02, 1643787001, 8, 0,  0
15, 2022-02-02, 1643787902, 8, 0,  0
22, 2022-02-02, 1643788800, 8, 0,  0
22, 2022-02-02, 1643789701, 8, 0,  0
22, 2022-02-02, 1643790601, 8, 0,  0
22, 2022-02-02, 1643791501, 8, 0,  0
22, 2022-02-02, 1643792401, 8, 0,  0
22, 2022-02-02, 1643793301, 8, 0,  0
22, 2022-02-02, 1643794201, 8, 0,  0
22, 2022-02-02, 1643795100, 8, 0,  0
22, 2022-02-02, 1643796001, 8, 0,  0
20, 2022-02-02, 1643796904, 5, 0,  0
20, 2022-02-02, 1643797802, 5, 0,  0
20, 2022-02-02, 1643798708, 5, 0,  0
20, 2022-02-02, 1643799604, 5, 0,  0
20, 2022-02-02, 1643800501, 5, 0,  0
20, 2022-02-02, 1643801403, 5, 0,  0
10, 2022-02-02, 1643802301, 5, 0,  0
10, 2022-02-02, 1643803202, 5, 0,  0
10, 2022-02-02, 1643805037, 5, 0,  0
10, 2022-02-02, 1643805902, 5, 0,  0
10, 2022-02-02, 1643806803, 5, 0,  0
10, 2022-02-02, 1643807702, 5, 0,  0
10, 2022-02-02, 1643808602, 5, 0,  0
10, 2022-02-02, 1643809500, 5, 0,  0
6, 2022-02-02, 1643810401, 3, 0,  0
6, 2022-02-02, 1643811303, 3, 0,  0
6, 2022-02-02, 1643812202, 3, 0,  0
6, 2022-02-02, 1643813101, 3, 0,  0
7, 2022-02-02, 1643814000, 3, 0,  0
7, 2022-02-02, 1643814900, 3, 0,  0
7, 2022-02-02, 1643815802, 3, 0,  0
7, 2022-02-02, 1643816701, 3, 0,  0
7, 2022-02-02, 1643817601, 3, 0,  0
7, 2022-02-02, 1643818500, 3, 0,  0
7, 2022-02-02, 1643819401, 3, 0,  0
7, 2022-02-02, 1643820301, 3, 0,  0
7, 2022-02-02, 1643821201, 3, 0,  0
7, 2022-02-02, 1643822103, 3, 0,  0
7, 2022-02-02, 1643823002, 3, 0,  0
7, 2022-02-02, 1643823902, 3, 0,  0
7, 2022-02-02, 1643824800, 3, 0,  0
7, 2022-02-02, 1643825703, 3, 0,  0
7, 2022-02-02, 1643826602, 3, 0,  0
7, 2022-02-02, 1643827501, 3, 0,  0
7, 2022-02-02, 1643828401, 3, 0,  0
7, 2022-02-02, 1643829300, 3, 0,  0
7, 2022-02-02, 1643830201, 3, 0,  0
7, 2022-02-02, 1643831101, 3, 0,  0
7, 2022-02-02, 1643832000, 3, 0,  0
7, 2022-02-02, 1643832900, 3, 0,  0
7, 2022-02-02, 1643833801, 3, 0,  0
7, 2022-02-02, 1643834700, 3, 0,  0
7, 2022-02-02, 1643835601, 3, 0,  0
7, 2022-02-02, 1643836501, 3, 0,  0
7, 2022-02-02, 1643837401, 3, 0,  0
7, 2022-02-02, 1643838300, 3, 0,  0
7, 2022-02-02, 1643839200, 3, 0,  0
7, 2022-02-02, 1643840101, 3, 0,  0
7, 2022-02-02, 1643841001, 3, 0,  0
7, 2022-02-02, 1643841901, 3, 0,  0
7, 2022-02-02, 1643842801, 3, 0,  0
7, 2022-02-02, 1643843701, 3, 0,  0
7, 2022-02-02, 1643844601, 3, 0,  0
7, 2022-02-02, 1643845500, 3, 0,  0
7, 2022-02-03, 1643846401, 3, 0,  0
7, 2022-02-03, 1643847301, 3, 0,  0
7, 2022-02-03, 1643848200, 3, 0,  0
7, 2022-02-03, 1643849100, 3, 0,  0
7, 2022-02-03, 1643850001, 3, 0,  0
7, 2022-02-03, 1643850901, 3, 0,  0
7, 2022-02-03, 1643851800, 3, 0,  0
7, 2022-02-03, 1643852701, 3, 0,  0
7, 2022-02-03, 1643853600, 3, 0,  0
7, 2022-02-03, 1643854501, 3, 0,  0
7, 2022-02-03, 1643855400, 3, 0,  0
7, 2022-02-03, 1643856301, 3, 0,  0
7, 2022-02-03, 1643857201, 3, 0,  0
7, 2022-02-03, 1643858100, 3, 0,  0
7, 2022-02-03, 1643859001, 3, 0,  0
7, 2022-02-03, 1643859901, 3, 0,  0
7, 2022-02-03, 1643860800, 3, 0,  0
7, 2022-02-03, 1643861700, 3, 0,  0
7, 2022-02-03, 1643862601, 3, 0,  0
7, 2022-02-03, 1643863501, 3, 0,  0
7, 2022-02-03, 1643864401, 3, 0,  0
7, 2022-02-03, 1643865300, 3, 0,  0
7, 2022-02-03, 1643866201, 3, 0,  0
7, 2022-02-03, 1643867101, 3, 0,  0
7, 2022-02-03, 1643868000, 3, 0,  0
7, 2022-02-03, 1643868901, 3, 0,  0
8, 2022-02-03, 1643869800, 3, 0,  0
8, 2022-02-03, 1643870700, 3, 0,  0
8, 2022-02-03, 1643871600, 3, 0,  0
8, 2022-02-03, 1643872501, 4, 0,  0
6, 2022-02-03, 1643873401, 4, 0,  0
6, 2022-02-03, 1643874301, 3, 0,  0
3, 2022-02-03, 1643875201, 3, 0,  0
3, 2022-02-03, 1643876101, 3, 0,  0
3, 2022-02-03, 1643877001, 3, 0,  0
3, 2022-02-03, 1643877901, 3, 0,  0
3, 2022-02-03, 1643878801, 3, 0,  0
3, 2022-02-03, 1643879700, 3, 0,  0
3, 2022-02-03, 1643880600, 3, 0,  0
3, 2022-02-03, 1643881501, 3, 0,  0
3, 2022-02-03, 1643882401, 3, 0,  0
3, 2022-02-03, 1643883301, 3, 0,  0
3, 2022-02-03, 1643884201, 3, 0,  0
3, 2022-02-03, 1643885100, 3, 0,  0
3, 2022-02-03, 1643886000, 3, 0,  0
3, 2022-02-03, 1643886901, 3, 0,  0
3, 2022-02-03, 1643887800, 3, 0,  0
3, 2022-02-03, 1643888701, 3, 0,  0
3, 2022-02-03, 1643889601, 3, 0,  0
3, 2022-02-03, 1643890501, 3, 1,  0
3, 2022-02-03, 1643891401, 3, 1,  0
3, 2022-02-03, 1643892301, 3, 1,  0
3, 2022-02-03, 1643893201, 3, 1,  0
3, 2022-02-03, 1643894101, 3, 1,  0
3, 2022-02-03, 1643895001, 3, 1,  0
3, 2022-02-03, 1643895901, 3, 1,  0
3, 2022-02-03, 1643896801, 3, 1,  0
2, 2022-02-03, 1643897701, 2, 1,  0
1, 2022-02-03, 1643898601, 1, 1,  0
0, 2022-02-03, 1643899501, 0, 0,  0
18, 2022-02-03, 1643900401, 0, 0,  0
15, 2022-02-03, 1643901302, 0, 0,  0
12, 2022-02-03, 1643902202, 0, 0,  0
12, 2022-02-03, 1643903101, 0, 0,  0
12, 2022-02-03, 1643904001, 0, 0,  0
12, 2022-02-03, 1643904901, 0, 0,  0
11, 2022-02-03, 1643905801, 0, 0,  0
11, 2022-02-03, 1643906702, 0, 0,  0
11, 2022-02-03, 1643907601, 0, 0,  0
11, 2022-02-03, 1643908501, 0, 0,  0
11, 2022-02-03, 1643909401, 0, 0,  0
11, 2022-02-03, 1643910301, 0, 0,  0
11, 2022-02-03, 1643911201, 0, 0,  0
11, 2022-02-03, 1643912101, 0, 0,  0
11, 2022-02-03, 1643913001, 0, 0,  0
11, 2022-02-03, 1643913901, 0, 0,  0
11, 2022-02-03, 1643914801, 0, 0,  0
11, 2022-02-03, 1643915701, 0, 0,  0
11, 2022-02-03, 1643916600, 0, 0,  0
11, 2022-02-03, 1643917501, 0, 0,  0
11, 2022-02-03, 1643918400, 0, 0,  0
11, 2022-02-03, 1643919302, 0, 0,  0
11, 2022-02-03, 1643920200, 0, 0,  0
11, 2022-02-03, 1643921100, 0, 0,  0
11, 2022-02-03, 1643922001, 0, 0,  0
11, 2022-02-03, 1643922901, 0, 0,  0
11, 2022-02-03, 1643923801, 0, 0,  0
11, 2022-02-03, 1643924701, 0, 0,  0
11, 2022-02-03, 1643925600, 0, 0,  0
11, 2022-02-03, 1643926501, 0, 0,  0
11, 2022-02-03, 1643927400, 0, 0,  0
11, 2022-02-03, 1643928301, 0, 0,  0
11, 2022-02-03, 1643929201, 0, 0,  0
11, 2022-02-03, 1643930101, 0, 0,  0
11, 2022-02-03, 1643931000, 0, 0,  0
11, 2022-02-03, 1643931901, 0, 0,  0
11, 2022-02-04, 1643932800, 0, 0,  0
11, 2022-02-04, 1643933701, 0, 0,  0
11, 2022-02-04, 1643934604, 0, 0,  0
11, 2022-02-04, 1643935503, 0, 0,  0
11, 2022-02-04, 1643936401, 0, 0,  0
11, 2022-02-04, 1643937301, 0, 0,  0
11, 2022-02-04, 1643938201, 0, 0,  0
11, 2022-02-04, 1643939101, 0, 0,  0
11, 2022-02-04, 1643940001, 0, 0,  0
11, 2022-02-04, 1643940900, 0, 0,  0
11, 2022-02-04, 1643941801, 0, 0,  0
11, 2022-02-04, 1643942701, 0, 0,  0
11, 2022-02-04, 1643943602, 0, 0,  0
11, 2022-02-04, 1643944501, 0, 0,  0
11, 2022-02-04, 1643945401, 0, 0,  0
11, 2022-02-04, 1643946301, 0, 0,  0
11, 2022-02-04, 1643947200, 0, 0,  0
11, 2022-02-04, 1643948100, 0, 0,  0
11, 2022-02-04, 1643949003, 0, 0,  0
11, 2022-02-04, 1643949900, 0, 0,  0
11, 2022-02-04, 1643950801, 0, 0,  0
11, 2022-02-04, 1643951701, 0, 0,  0
11, 2022-02-04, 1643952601, 0, 0,  0
11, 2022-02-04, 1643953500, 0, 0,  0
11, 2022-02-04, 1643954401, 0, 0,  0
11, 2022-02-04, 1643955301, 0, 0,  0
11, 2022-02-04, 1643956203, 0, 0,  0
11, 2022-02-04, 1643957101, 0, 0,  0
11, 2022-02-04, 1643958001, 0, 0,  0
11, 2022-02-04, 1643958901, 0, 0,  0
11, 2022-02-04, 1643959801, 0, 0,  0
11, 2022-02-04, 1643960701, 0, 0,  0
11, 2022-02-04, 1643961604, 0, 0,  0
11, 2022-02-04, 1643962501, 0, 0,  0
11, 2022-02-04, 1643963402, 0, 0,  0
12, 2022-02-04, 1643964301, 0, 0,  0
13, 2022-02-04, 1643965201, 0, 0,  0
13, 2022-02-04, 1643966101, 0, 0,  0
11, 2022-02-04, 1643967005, 0, 0,  0
11, 2022-02-04, 1643967901, 0, 0,  0
11, 2022-02-04, 1643968803, 0, 0,  0
11, 2022-02-04, 1643969701, 0, 0,  0
10, 2022-02-04, 1643970601, 0, 0,  0
10, 2022-02-04, 1643971501, 0, 0,  0
10, 2022-02-04, 1643972401, 0, 0,  0
10, 2022-02-04, 1643973301, 0, 0,  0
10, 2022-02-04, 1643974201, 0, 0,  0
10, 2022-02-04, 1643975101, 0, 0,  0
10, 2022-02-04, 1643976001, 0, 0,  0
10, 2022-02-04, 1643976902, 0, 0,  0
10, 2022-02-04, 1643977817, 0, 0,  0
